starting--------------------------------------
starting--------------------------------------
 1.81842e-06  4.29892e-06 -0.000922825
   -1.46102   0.0452273 0.000197902
Newone
[1.0022943, -0.0012216527, -1.4109296;
  -0.00013475028, 0.99868304, 0.16065666;
  -9.3224003e-07, -1.0357368e-06, 1]
[0.99999648, -0.0018627457, -0.0015644468;
  0.0018626107, 0.99999797, -0.00010065569;
  0.0015647474, 9.7727352e-05, 0.99999827][0.0032567512; -0.0018578174; -0.0021512522][0.95439923; 0.29817596; 0.014589608]
[0.99999887, 0.00088365341, 0.00053893821;
  -0.00088390417, 0.99999923, 0.00051563949;
  -0.00053838716, -0.0005161647, 0.99999923][-0.0041249255; -0.00129096; -6.4913882e-05][-0.75293934; 0.43004581; 0.49813896]
[0.99999887, 0.00088365341, 0.00053893821;
  -0.00088390417, 0.99999923, 0.00051563949;
  -0.00053838716, -0.0005161647, 0.99999923][-0.0041249255; -0.00129096; -6.4913882e-05][-0.75293934; 0.43004581; 0.49813896]
0--------------------
plane[-0.75293934; 0.43004581; 0.49813896]
[0.99999887, 0.00088365341, 0.00053893821;
  -0.00088390417, 0.99999923, 0.00051563949;
  -0.00053838716, -0.0005161647, 0.99999923]
[-0.0041249255, -0.00129096, -6.4913882e-05]
rrrrrrrrrrrrrrrrrrrrrrrrr
-5.31772e-07 -2.30707e-06   0.00107156
   -1.88963   -0.605129 -0.00302199
Newone
[1.0034305, 0.00025927529, -1.7437915;
  0.00046654008, 1.003229, -0.47421542;
  5.8947876e-07, 2.5206989e-06, 1]
[0.99999976, -0.00072807417, 0.00019360206;
  0.00072842225, 0.99999946, -0.0011148846;
  -0.00019272312, 0.0011149737, 0.99999952][0.0018565825; -0.0016686878; 0.002071436][0.24268267; 0.099097148; -0.96503103]
[0.99999791, -0.00013934684, -0.0020959398;
  0.0001400551, 1.0000004, 0.00028533034;
  0.0020959405, -0.00028566821, 0.99999791][-0.00079005287; -0.00032309175; 0.0031294874][-0.57273138; 0.51440698; -0.63825095]
[0.99999976, -0.00072807417, 0.00019360206;
  0.00072842225, 0.99999946, -0.0011148846;
  -0.00019272312, 0.0011149737, 0.99999952][0.0018565825; -0.0016686878; 0.002071436][0.24268267; 0.099097148; -0.96503103]
1--------------------
plane[0.24268267; 0.099097148; -0.96503103]
[0.99999976, -0.00072807417, 0.00019360206;
  0.00072842225, 0.99999946, -0.0011148846;
  -0.00019272312, 0.0011149737, 0.99999952]
[0.0018565825, -0.0016686878, 0.002071436]
rrrrrrrrrrrrrrrrrrrrrrrrr
-4.66343e-06 -9.84216e-06   0.00135113
  -1.01641   0.893239 0.00472664
Newone
[1.0016081, -0.00071550859, -1.2492238;
  -0.0002368862, 0.99704343, 0.58137506;
  -6.3533332e-07, -3.0127487e-06, 1]
[0.9999969, -0.0017840276, -0.0014053137;
  0.0017842617, 0.99999768, 0.00021008363;
  0.0014049925, -0.00021280634, 0.99999851][0.0032878206; -0.002384343; -0.0022180378][0.78330785; 0.61734223; 0.072917715]
[0.99999708, 0.0021146652, 0.00057608617;
  -0.0021155418, 0.99999607, 0.0014083014;
  -0.00057303073, -0.0014097432, 0.99999833][-0.0036251568; -0.0028564783; -0.0003366241][-0.71036893; 0.51473916; 0.48001999]
[0.99999708, 0.0021146652, 0.00057608617;
  -0.0021155418, 0.99999607, 0.0014083014;
  -0.00057303073, -0.0014097432, 0.99999833][-0.0036251568; -0.0028564783; -0.0003366241][-0.71036893; 0.51473916; 0.48001999]
2--------------------
plane[-0.71036893; 0.51473916; 0.48001999]
[0.99999708, 0.0021146652, 0.00057608617;
  -0.0021155418, 0.99999607, 0.0014083014;
  -0.00057303073, -0.0014097432, 0.99999833]
[-0.0036251568, -0.0028564783, -0.0003366241]
rrrrrrrrrrrrrrrrrrrrrrrrr
 1.62693e-07 -1.13621e-07  0.000116347
  -1.55899   0.048075 0.00016069
Newone
[1.0033401, -0.0010745946, -1.5168178;
  0.0003760604, 1.0000132, -1.4528165e-05;
  1.1100501e-06, 1.3811646e-07, 1]
[0.99999815, -0.0016648421, -0.0011525319;
  0.0016646747, 0.99999893, -0.00019031142;
  0.001152989, 0.00018837833, 0.99999988][0.0027781902; -0.0016060306; -0.00058918522][0.96817946; 0.19677632; -0.15462057]
[0.99999964, 0.00043785101, -0.0010087882;
  -0.00043763677, 1.0000002, 0.00017478003;
  0.0010090115, -0.00017435696, 1][-0.0031589693; -0.00064395159; 0.00050105219][-0.85101831; 0.49277258; 0.18150191]
[0.99999964, 0.00043785101, -0.0010087882;
  -0.00043763677, 1.0000002, 0.00017478003;
  0.0010090115, -0.00017435696, 1][-0.0031589693; -0.00064395159; 0.00050105219][-0.85101831; 0.49277258; 0.18150191]
3--------------------
plane[-0.85101831; 0.49277258; 0.18150191]
[0.99999964, 0.00043785101, -0.0010087882;
  -0.00043763677, 1.0000002, 0.00017478003;
  0.0010090115, -0.00017435696, 1]
[-0.0031589693, -0.00064395159, 0.00050105219]
rrrrrrrrrrrrrrrrrrrrrrrrr
-2.21348e-06 -5.33984e-06   0.00143292
  -2.09861  -0.591788 -0.0018818
Newone
[1.003366, -8.8890292e-06, -1.8490009;
  0.00046714096, 1.0018656, -0.38138807;
  9.244381e-07, 6.0976532e-07, 1]
[0.99999946, -0.00046908626, 0.00034172231;
  0.00046911582, 0.99999934, -0.0001510069;
  -0.00034163063, 0.00015107098, 0.99999952][0.002477257; -0.00042550798; 0.001570395][0.52700102; 0.10745067; -0.84304452]
[0.99999636, 2.1110078e-05, -0.0025691693;
  -2.1031494e-05, 0.99999946, 3.8686259e-05;
  0.0025691905, -3.8720769e-05, 0.9999963][0.0015646261; 0.00031895083; -0.0024968411][0.83640087; -0.14372684; 0.52893865]
[0.99999946, -0.00046908626, 0.00034172231;
  0.00046911582, 0.99999934, -0.0001510069;
  -0.00034163063, 0.00015107098, 0.99999952][0.002477257; -0.00042550798; 0.001570395][0.52700102; 0.10745067; -0.84304452]
4--------------------
plane[0.52700102; 0.10745067; -0.84304452]
[0.99999946, -0.00046908626, 0.00034172231;
  0.00046911582, 0.99999934, -0.0001510069;
  -0.00034163063, 0.00015107098, 0.99999952]
[0.002477257, -0.00042550798, 0.001570395]
rrrrrrrrrrrrrrrrrrrrrrrrr
-3.78724e-06 -2.13779e-06  0.000461662
  -1.38448   0.397134 0.00115019
Newone
[1.0019734, -0.00016007075, -1.3641901;
  1.6787364e-05, 1.0000377, 0.26872084;
  3.5155801e-07, -9.0933798e-07, 1]
[0.99999982, -1.0432174e-05, 0.00018503219;
  1.0323945e-05, 0.99999988, 0.0005098363;
  -0.00018495851, -0.00050984963, 0.9999997][0.002260033; -0.00010991585; 0.00052253611][0.70733809; 0.062336348; -0.70412135]
[0.99999827, 0.0002082429, -0.0017744042;
  -0.00020726926, 0.99999982, 0.00055499875;
  0.0017745758, -0.00055463397, 0.99999809][0.0016439339; 0.00014372868; -0.0016339213][0.97338879; -0.047355011; 0.22421351]
[0.99999982, -1.0432174e-05, 0.00018503219;
  1.0323945e-05, 0.99999988, 0.0005098363;
  -0.00018495851, -0.00050984963, 0.9999997][0.002260033; -0.00010991585; 0.00052253611][0.70733809; 0.062336348; -0.70412135]
0--------------------
plane[0.70733809; 0.062336348; -0.70412135]
[0.99999982, -1.0432174e-05, 0.00018503219;
  1.0323945e-05, 0.99999988, 0.0005098363;
  -0.00018495851, -0.00050984963, 0.9999997]
[0.002260033, -0.00010991585, 0.00052253611]
rrrrrrrrrrrrrrrrrrrrrrrrr
 -0.280053  -0.371529 0.00114762
 0.0886983 -0.0664674  -0.460637
Newone
[0.99664086, 0.00030094458, -0.18287344;
  -0.00047595004, 0.99897575, 0.46266547;
  -1.9417948e-06, -1.3813539e-06, 1]
[0.99999839, 0.00091939373, -0.0015433106;
  -0.00091865304, 0.99999976, 0.00049665046;
  0.0015436241, -0.00049512647, 0.99999869][-0.0019750993; 0.00091278274; -0.002578361][0.99367636; 0.089341499; 0.068009377]
[0.99999958, -0.00016584099, 0.00088512135;
  0.00016510306, 0.99999994, 0.00078835076;
  -0.00088541221, -0.00078811194, 0.99999934][-0.0033524458; -0.0003002997; -0.00023035647][0.58578616; -0.27082494; 0.76387709]
[0.99999958, -0.00016584099, 0.00088512135;
  0.00016510306, 0.99999994, 0.00078835076;
  -0.00088541221, -0.00078811194, 0.99999934][-0.0033524458; -0.0003002997; -0.00023035647][0.58578616; -0.27082494; 0.76387709]
0--------------------
plane[0.58578616; -0.27082494; 0.76387709]
3.31237e-06 4.77999e-06 -0.00098204
   -1.61863    0.409329 6.12819e-05
Newone
[1.0021013, -0.00034284551, -1.370749;
  -0.00078707817, 0.99811864, 0.65300548;
  -1.9012678e-06, -5.0458624e-07, 1]
[0.99999899, -0.0016239795, -0.00020637286;
  0.0016238982, 0.99999875, -0.00020334437;
  0.00020657474, 0.00020297783, 1][0.0040681744; -0.0021421751; -0.0013206658][0.91215789; 0.35413599; -0.20629127]
[0.99999881, 0.0017735969, 0.00016002762;
  -0.0017737494, 0.99999827, 0.00070723676;
  -0.00015893485, -0.00070755946, 0.99999982][-0.004363575; -0.0016934802; 0.00098714523][-0.85046399; 0.44768035; 0.2762132]
[0.99999881, 0.0017735969, 0.00016002762;
  -0.0017737494, 0.99999827, 0.00070723676;
  -0.00015893485, -0.00070755946, 0.99999982][-0.004363575; -0.0016934802; 0.00098714523][-0.85046399; 0.44768035; 0.2762132]
1--------------------
plane[-0.85046399; 0.44768035; 0.2762132]
[0.99999881, 0.0017735969, 0.00016002762;
  -0.0017737494, 0.99999827, 0.00070723676;
  -0.00015893485, -0.00070755946, 0.99999982]
[-0.004363575, -0.0016934802, 0.00098714523]
rrrrrrrrrrrrrrrrrrrrrrrrr
 1.36506e-06 -1.60819e-06 -0.000272402
    -1.1173    0.080023 -0.00130332
Newone
[0.99681461, -0.00027422252, -0.096189015;
  -0.00053806067, 0.99680084, 0.82861102;
  -1.2904046e-06, -2.3604541e-06, 1]
[0.99999934, 0.0002124655, 0.0007155764;
  -0.00021314537, 0.99999917, 0.0010438396;
  -0.00071541546, -0.0010439696, 0.99999887][0.0023812018; 0.00080879877; -0.001758982][-0.0203951; 0.11261941; -0.99342871]
[0.99999809, 0.00049753091, -0.0016915072;
  -0.00049673102, 0.99999946, 0.00043556426;
  0.0016916752, -0.00043470427, 0.99999809][-6.098079e-05; 0.00034338766; -0.0030490425][0.77553415; 0.26424405; -0.57334256]
[0.99999934, 0.0002124655, 0.0007155764;
  -0.00021314537, 0.99999917, 0.0010438396;
  -0.00071541546, -0.0010439696, 0.99999887][0.0023812018; 0.00080879877; -0.001758982][-0.0203951; 0.11261941; -0.99342871]
1--------------------
plane[-0.0203951; 0.11261941; -0.99342871]
-2.36467e-06 -1.99864e-06  0.000277732
   -1.34979   0.0407623 0.000592251
Newone
[1.0028889, 0.00036134708, -1.3917485;
  2.1359392e-05, 1.0019563, -0.26184952;
  1.3950144e-08, 2.6856681e-06, 1]
[0.99999964, -0.00092239492, 0.00067583291;
  0.0009232575, 0.9999994, -0.0011764687;
  -0.00067461096, 0.001177276, 0.99999958][0.0022399582; -0.0016060662; 0.0012103238][0.56446207; 0.19079946; -0.80310535]
[0.99999863, 0.00040991773, -0.0018026121;
  -0.00041007163, 1.0000004, -0.00012001405;
  0.0018026902, 0.00012094318, 0.99999887][-0.0017004001; -0.00057636225; 0.0024162347][-0.74419439; 0.53345841; -0.40199113]
[0.99999964, -0.00092239492, 0.00067583291;
  0.0009232575, 0.9999994, -0.0011764687;
  -0.00067461096, 0.001177276, 0.99999958][0.0022399582; -0.0016060662; 0.0012103238][0.56446207; 0.19079946; -0.80310535]
2--------------------
plane[0.56446207; 0.19079946; -0.80310535]
[0.99999964, -0.00092239492, 0.00067583291;
  0.0009232575, 0.9999994, -0.0011764687;
  -0.00067461096, 0.001177276, 0.99999958]
[0.0022399582, -0.0016060662, 0.0012103238]
rrrrrrrrrrrrrrrrrrrrrrrrr
 1.12155e-07 -5.33892e-06 -0.000182909
   -0.324119   -0.0470544 -0.000798401
Newone
[0.99589413, 0.00033182919, 0.063582622;
  -0.00074496999, 0.99887836, 0.276539;
  -3.0630742e-06, -1.0185679e-06, 1]
[0.99999821, 0.00099599455, -0.001352695;
  -0.00099605019, 0.99999928, 5.7879523e-05;
  0.0013528835, -5.6354253e-05, 0.99999887][-0.0021208988; 0.00099824113; -0.0030036259][0.98530549; 0.15926276; 0.061710835]
[0.99999851, -0.00032705584, 0.0014788358;
  0.00032604157, 0.99999958, 0.00059743965;
  -0.0014788555, -0.00059676793, 0.99999851][-0.0037542793; -0.00060561922; -0.00023468607][0.55669743; -0.2620737; 0.78829271]
[0.99999851, -0.00032705584, 0.0014788358;
  0.00032604157, 0.99999958, 0.00059743965;
  -0.0014788555, -0.00059676793, 0.99999851][-0.0037542793; -0.00060561922; -0.00023468607][0.55669743; -0.2620737; 0.78829271]
2--------------------
plane[0.55669743; -0.2620737; 0.78829271]
-2.98228e-06 4.14886e-06 -0.00165875
  -1.13709   0.869146 0.00251333
Newone
[1.0023632, 0.00013488632, -1.1025789;
  -0.00034508636, 1.0000871, 0.40325013;
  1.5209441e-06, -4.2372295e-07, 1]
[1.0000004, -0.00013088649, -0.00058788381;
  0.00013096897, 1.0000004, 0.00028014302;
  0.00058787345, -0.00028039029, 1][0.0015316546; -0.00088320195; 0.00022107821][0.95161277; 0.26190257; -0.16075024]
[0.9999994, 0.0011097875, -0.0010428878;
  -0.0011094675, 0.99999976, 0.00036467769;
  0.0010433127, -0.00036373411, 0.99999964][-0.0016960647; -0.00046574164; 0.00028519542][-0.85994416; 0.49529284; -0.12321356]
[0.9999994, 0.0011097875, -0.0010428878;
  -0.0011094675, 0.99999976, 0.00036467769;
  0.0010433127, -0.00036373411, 0.99999964][-0.0016960647; -0.00046574164; 0.00028519542][-0.85994416; 0.49529284; -0.12321356]
3--------------------
plane[-0.85994416; 0.49529284; -0.12321356]
[0.9999994, 0.0011097875, -0.0010428878;
  -0.0011094675, 0.99999976, 0.00036467769;
  0.0010433127, -0.00036373411, 0.99999964]
[-0.0016960647, -0.00046574164, 0.00028519542]
rrrrrrrrrrrrrrrrrrrrrrrrr
-1.94829e-05 -1.77423e-07  -0.00109454
  0.258044   0.971232 0.00549393
Newone
[0.99650574, 0.00046630012, 0.025644548;
  -0.0012447456, 0.99802393, 0.80619687;
  -2.1272074e-06, -1.9406814e-06, 1]
[0.99999934, 0.00049691583, 0.0013485021;
  -0.00049820438, 0.99999976, 0.00090549019;
  -0.0013480753, -0.00090601831, 0.99999899][-0.0028416966; -0.0005708884; 0.00054933829][0.41676158; -0.20767854; 0.88497436]
[0.99999845, 0.0013274776, -0.0013995144;
  -0.0013268167, 0.99999928, 0.00051349663;
  0.001400113, -0.0005115231, 0.99999923][-0.0012288507; 0.00061193667; -0.0026112038][0.96308178; 0.19452749; -0.18609914]
[0.99999934, 0.00049691583, 0.0013485021;
  -0.00049820438, 0.99999976, 0.00090549019;
  -0.0013480753, -0.00090601831, 0.99999899][-0.0028416966; -0.0005708884; 0.00054933829][0.41676158; -0.20767854; 0.88497436]
3--------------------
plane[0.41676158; -0.20767854; 0.88497436]
  5.2637e-06 -2.77225e-06  0.000160461
   -2.05462   -0.334469 -0.00554057
Newone
[1.0019959, -0.0011256881, -1.2281657;
  -0.0010533247, 0.99947292, 0.58122063;
  -1.4013759e-06, -2.0135016e-07, 1]
[0.99999899, -0.00067432947, -0.0010666234;
  0.00067465991, 0.99999952, 0.00033090435;
  0.0010663843, -0.00033140738, 0.99999899][0.0031329638; -0.0014080162; -0.0018222276][0.98856258; -0.12367409; -0.086304218]
[0.99999958, 0.00033086736, 0.00046677489;
  -0.00033096204, 0.9999997, 0.00022710364;
  -0.00046669212, -0.00022700742, 0.99999952][0.0038439615; -0.00048030898; -0.0003342859][0.80554879; -0.36212847; -0.4689925]
[0.99999958, 0.00033086736, 0.00046677489;
  -0.00033096204, 0.9999997, 0.00022710364;
  -0.00046669212, -0.00022700742, 0.99999952][0.0038439615; -0.00048030898; -0.0003342859][0.80554879; -0.36212847; -0.4689925]
4--------------------
plane[0.80554879; -0.36212847; -0.4689925]
[0.99999958, 0.00033086736, 0.00046677489;
  -0.00033096204, 0.9999997, 0.00022710364;
  -0.00046669212, -0.00022700742, 0.99999952]
[0.0038439615, -0.00048030898, -0.0003342859]
rrrrrrrrrrrrrrrrrrrrrrrrr
-1.22396e-06 -4.84318e-06  0.000386532
   -1.15857   0.0376658 -0.00179846
Newone
[0.99594867, -0.00042124855, 0.055384144;
  -0.0012456203, 0.998276, 0.7896508;
  -2.5036577e-06, -1.2512335e-06, 1]
[0.99999887, 0.00051207608, 0.0014763847;
  -0.00051311374, 0.99999988, 0.00070275174;
  -0.001476203, -0.00070348399, 0.99999899][-0.0038773955; -0.00027779525; 0.00033195433][0.48089653; 0.13741967; 0.86594129]
[0.99999797, 0.00011289299, -0.0020461455;
  -0.00011204571, 1.0000002, 0.00041594208;
  0.0020459532, -0.00041568661, 0.99999815][-0.0018754147; -0.00053744414; -0.0033786881][0.99377972; 0.071560778; -0.085327417]
[0.99999887, 0.00051207608, 0.0014763847;
  -0.00051311374, 0.99999988, 0.00070275174;
  -0.001476203, -0.00070348399, 0.99999899][-0.0038773955; -0.00027779525; 0.00033195433][0.48089653; 0.13741967; 0.86594129]
4--------------------
plane[0.48089653; 0.13741967; 0.86594129]
starting--------------------------------------
3.14861e-06 3.93788e-06 -0.00122693
    -1.61647    -0.077242 -0.000810714
Newone
[1.0022514, -0.00095013517, -1.4738692;
  -0.00020627669, 0.99906188, 0.096233696;
  -1.1224232e-06, -5.4191571e-07, 1]
[0.99999791, -0.001439582, -0.0015312445;
  0.0014392924, 0.99999905, -0.00016645411;
  0.0015315064, 0.00016411574, 0.99999899][0.0031979091; -0.0014066591; -0.0021671203][0.97824979; 0.20699315; -0.013459563]
[0.99999982, 0.00060051144, 0.000548204;
  -0.00060071459, 0.99999988, 0.00030256924;
  -0.00054802006, -0.0003030092, 1][0.0040214211; 0.00085266726; -5.3415773e-05][0.77745581; -0.34244525; -0.52753562]
[0.99999982, 0.00060051144, 0.000548204;
  -0.00060071459, 0.99999988, 0.00030256924;
  -0.00054802006, -0.0003030092, 1][0.0040214211; 0.00085266726; -5.3415773e-05][0.77745581; -0.34244525; -0.52753562]
0--------------------
plane[0.77745581; -0.34244525; -0.52753562]
[0.99999982, 0.00060051144, 0.000548204;
  -0.00060071459, 0.99999988, 0.00030256924;
  -0.00054802006, -0.0003030092, 1]
[0.0040214211, 0.00085266726, -5.3415773e-05]
rrrrrrrrrrrrrrrrrrrrrrrrr
 4.98793e-06 -6.31487e-07 -0.000335169
   -2.01435   -0.593911 -0.00508511
Newone
[1.0035909, 0.00049451925, -1.8146839;
  0.00065759569, 1.0034955, -0.52763319;
  1.1964179e-06, 2.8189002e-06, 1]
[0.99999952, -0.00057820952, -0.00038489242;
  0.00057782221, 0.99999887, -0.0012104573;
  0.00038550785, 0.0012102495, 0.99999887][0.0013241372; -0.0017493636; 0.0020250645][0.11917083; 0.13135816; -0.98414588]
[0.99999791, -0.00019513273, -0.0019267764;
  0.00019562934, 0.99999976, 0.00023979544;
  0.0019266286, -0.00024010387, 0.99999774][-0.00035905428; -0.0003937619; 0.0029377765][-0.44404805; 0.58575356; -0.67802203]
[0.99999952, -0.00057820952, -0.00038489242;
  0.00057782221, 0.99999887, -0.0012104573;
  0.00038550785, 0.0012102495, 0.99999887][0.0013241372; -0.0017493636; 0.0020250645][0.11917083; 0.13135816; -0.98414588]
1--------------------
plane[0.11917083; 0.13135816; -0.98414588]
[0.99999952, -0.00057820952, -0.00038489242;
  0.00057782221, 0.99999887, -0.0012104573;
  0.00038550785, 0.0012102495, 0.99999887]
[0.0013241372, -0.0017493636, 0.0020250645]
rrrrrrrrrrrrrrrrrrrrrrrrr
-6.30563e-07 -4.55256e-06   0.00102557
  -1.45316   0.348348 0.00151253
Newone
[1.001826, -0.00034860312, -1.3476349;
  -0.00019664287, 0.99777907, 0.45918089;
  -5.184877e-07, -1.9605322e-06, 1]
[0.99999785, -0.0015349058, -0.0012034771;
  0.001534899, 0.99999845, 1.610322e-05;
  0.0012034784, -1.7975508e-05, 0.99999887][0.00320386; -0.0019477821; -0.0017883936][0.82473642; 0.56546217; -0.0078987926]
[0.99999797, 0.0018843368, 0.00024940149;
  -0.0018846173, 0.99999732, 0.0010446223;
  -0.00024740642, -0.0010451236, 0.99999899][-0.0034265011; -0.0023483962; 3.2423472e-05][-0.77112025; 0.46851307; 0.43112522]
[0.99999797, 0.0018843368, 0.00024940149;
  -0.0018846173, 0.99999732, 0.0010446223;
  -0.00024740642, -0.0010451236, 0.99999899][-0.0034265011; -0.0023483962; 3.2423472e-05][-0.77112025; 0.46851307; 0.43112522]
2--------------------
plane[-0.77112025; 0.46851307; 0.43112522]
[0.99999797, 0.0018843368, 0.00024940149;
  -0.0018846173, 0.99999732, 0.0010446223;
  -0.00024740642, -0.0010451236, 0.99999899]
[-0.0034265011, -0.0023483962, 3.2423472e-05]
rrrrrrrrrrrrrrrrrrrrrrrrr
 3.10219e-07  6.05527e-07 -8.96905e-05
   -1.52918   0.0627733 0.000176751
Newone
[1.0035039, -0.00090725056, -1.5662584;
  0.00058971171, 1.0002793, -0.053480316;
  1.7672729e-06, 4.3775592e-07, 1]
[0.99999774, -0.0017157978, -0.0011223183;
  0.0017154637, 0.99999839, -0.00028807882;
  0.0011228601, 0.00028624086, 0.99999952][0.0024738875; -0.0016548824; -0.00020891543][0.9367075; 0.27073291; -0.22199638]
[0.99999857, 0.00050435012, -0.0014726784;
  -0.00050413201, 0.99999982, 0.00013654064;
  0.0014728098, -0.00013573666, 0.99999911][-0.002795212; -0.00080952555; 0.0006586801][-0.82870936; 0.55515051; 0.071052924]
[0.99999857, 0.00050435012, -0.0014726784;
  -0.00050413201, 0.99999982, 0.00013654064;
  0.0014728098, -0.00013573666, 0.99999911][-0.002795212; -0.00080952555; 0.0006586801][-0.82870936; 0.55515051; 0.071052924]
3--------------------
plane[-0.82870936; 0.55515051; 0.071052924]
[0.99999857, 0.00050435012, -0.0014726784;
  -0.00050413201, 0.99999982, 0.00013654064;
  0.0014728098, -0.00013573666, 0.99999911]
[-0.002795212, -0.00080952555, 0.0006586801]
rrrrrrrrrrrrrrrrrrrrrrrrr
-3.02712e-06 1.09754e-07 0.000171934
   -1.82801    -0.16502 7.04232e-05
Newone
[1.0033568, 0.00033742108, -1.9400777;
  0.00043415549, 1.002174, -0.4323197;
  7.3435547e-07, 1.0818783e-06, 1]
[0.99999976, -0.00048312877, 0.00038529019;
  0.00048322149, 0.99999976, -0.00023677293;
  -0.00038520637, 0.00023691017, 0.99999988][0.0024969836; -0.00050785486; 0.0017344491][0.44479778; 0.19058146; -0.87511921]
[0.9999966, 0.00021771008, -0.0025658314;
  -0.0002180275, 0.99999988, -0.00012299347;
  0.0025657783, 0.00012351417, 0.99999666][0.0013739043; 0.00058811484; -0.0026958608][0.81067038; -0.16476609; 0.56184137]
[0.99999976, -0.00048312877, 0.00038529019;
  0.00048322149, 0.99999976, -0.00023677293;
  -0.00038520637, 0.00023691017, 0.99999988][0.0024969836; -0.00050785486; 0.0017344491][0.44479778; 0.19058146; -0.87511921]
4--------------------
plane[0.44479778; 0.19058146; -0.87511921]
[0.99999976, -0.00048312877, 0.00038529019;
  0.00048322149, 0.99999976, -0.00023677293;
  -0.00038520637, 0.00023691017, 0.99999988]
[0.0024969836, -0.00050785486, 0.0017344491]
rrrrrrrrrrrrrrrrrrrrrrrrr
starting--------------------------------------
-7.77939e-06 -5.39571e-06 -1.92487e-05
  -1.08934   0.407523 0.00321316
Newone
[1.0020094, -0.0010721002, -1.4313406;
  -0.00020674082, 0.99867648, 0.14577605;
  -9.8506712e-07, -1.3101019e-06, 1]
[0.99999672, -0.0015878857, -0.0017760524;
  0.0015878604, 0.99999827, -7.4136864e-05;
  0.001776193, 7.1325863e-05, 0.99999809][0.0029748739; -0.0016435398; -0.0024185209][0.94785178; 0.31383991; 0.055510372]
[0.99999893, 0.00090494659, 0.00068431912;
  -0.0009052587, 0.99999887, 0.00059541949;
  -0.00068373402, -0.00059608789, 0.99999923][-0.0039532683; -0.0013105533; -0.00023337069][-0.71271312; 0.39409626; 0.58028257]
[0.99999893, 0.00090494659, 0.00068431912;
  -0.0009052587, 0.99999887, 0.00059541949;
  -0.00068373402, -0.00059608789, 0.99999923][-0.0039532683; -0.0013105533; -0.00023337069][-0.71271312; 0.39409626; 0.58028257]
0--------------------
plane[-0.71271312; 0.39409626; 0.58028257]
[0.99999893, 0.00090494659, 0.00068431912;
  -0.0009052587, 0.99999887, 0.00059541949;
  -0.00068373402, -0.00059608789, 0.99999923]
[-0.0039532683, -0.0013105533, -0.00023337069]
rrrrrrrrrrrrrrrrrrrrrrrrr
-4.39003e-06 -7.75991e-06   0.00226517
    -1.46342    -0.432613 -0.000828818
Newone
[1.003793, 0.00028493351, -1.7602843;
  0.00077821757, 1.0036491, -0.5517875;
  1.5793198e-06, 3.0616602e-06, 1]
[0.99999994, -0.00077765778, -0.00047991102;
  0.00077703252, 0.99999893, -0.0014698606;
  0.0004810777, 0.0014693801, 0.99999928][0.0012109571; -0.0020378055; 0.0018614342][0.1862338; 0.071649045; -0.97988963]
[0.99999827, -0.00031045271, -0.0020106023;
  0.00031134507, 1.0000001, 0.00038675376;
  0.0020105084, -0.00038749436, 0.99999845][-0.00056486274; -0.00021785253; 0.0029525373][-0.40218288; 0.67600501; -0.61746776]
[0.99999994, -0.00077765778, -0.00047991102;
  0.00077703252, 0.99999893, -0.0014698606;
  0.0004810777, 0.0014693801, 0.99999928][0.0012109571; -0.0020378055; 0.0018614342][0.1862338; 0.071649045; -0.97988963]
1--------------------
plane[0.1862338; 0.071649045; -0.97988963]
[0.99999994, -0.00077765778, -0.00047991102;
  0.00077703252, 0.99999893, -0.0014698606;
  0.0004810777, 0.0014693801, 0.99999928]
[0.0012109571, -0.0020378055, 0.0018614342]
rrrrrrrrrrrrrrrrrrrrrrrrr
 7.95434e-07 -3.93613e-06   0.00104316
   -1.64589    0.144843 0.000107375
Newone
[1.0016845, -0.0006901428, -1.2531632;
  -6.2413681e-05, 0.9972195, 0.53735542;
  -6.5229628e-08, -2.933798e-06, 1]
[0.99999774, -0.0017105446, -0.0014788094;
  0.0017108697, 0.99999863, 0.00023422591;
  0.0014784011, -0.00023682657, 0.99999899][0.0030063444; -0.0023270785; -0.0020027386][0.75490892; 0.65088588; 0.080376357]
[0.99999827, 0.0020036392, 0.00027854904;
  -0.0020040381, 0.99999714, 0.0013536467;
  -0.00027582105, -0.0013542828, 0.99999911][-0.0032440589; -0.0027966672; -0.00034510467][-0.69943428; 0.5410834; 0.46692684]
[0.99999827, 0.0020036392, 0.00027854904;
  -0.0020040381, 0.99999714, 0.0013536467;
  -0.00027582105, -0.0013542828, 0.99999911][-0.0032440589; -0.0027966672; -0.00034510467][-0.69943428; 0.5410834; 0.46692684]
2--------------------
plane[-0.69943428; 0.5410834; 0.46692684]
[0.99999827, 0.0020036392, 0.00027854904;
  -0.0020040381, 0.99999714, 0.0013536467;
  -0.00027582105, -0.0013542828, 0.99999911]
[-0.0032440589, -0.0027966672, -0.00034510467]
rrrrrrrrrrrrrrrrrrrrrrrrr
-1.15659e-06 -6.43734e-06   0.00127612
     -1.6389    -0.149681 -0.000549786
Newone
[1.003696, -0.0010174935, -1.537403;
  0.00068327266, 1.0004835, -0.084176853;
  2.0944892e-06, 7.6168311e-07, 1]
[0.99999779, -0.0019438711, -0.0010695775;
  0.001943385, 0.99999833, -0.00039260095;
  0.001070379, 0.00039041074, 0.99999952][0.0023504689; -0.0019106471; 3.0667521e-05][0.92298985; 0.29130566; -0.25145763]
[0.99999875, 0.00050403626, -0.0016856884;
  -0.00050398445, 1.0000001, 7.9344463e-05;
  0.0016857705, -7.8610799e-05, 0.99999875][-0.0027963563; -0.00088456232; 0.0007577315][-0.77548945; 0.63129449; -0.0091537237]
[0.99999875, 0.00050403626, -0.0016856884;
  -0.00050398445, 1.0000001, 7.9344463e-05;
  0.0016857705, -7.8610799e-05, 0.99999875][-0.0027963563; -0.00088456232; 0.0007577315][-0.77548945; 0.63129449; -0.0091537237]
3--------------------
plane[-0.77548945; 0.63129449; -0.0091537237]
[0.99999875, 0.00050403626, -0.0016856884;
  -0.00050398445, 1.0000001, 7.9344463e-05;
  0.0016857705, -7.8610799e-05, 0.99999875]
[-0.0027963563, -0.00088456232, 0.0007577315]
rrrrrrrrrrrrrrrrrrrrrrrrr
-4.85021e-07 -6.91194e-07  0.000639985
   -1.99929   -0.465849 -0.00170914
Newone
[1.0035741, 3.5341342e-05, -1.863179;
  0.00066319137, 1.0021832, -0.44104302;
  1.4975639e-06, 1.0160572e-06, 1]
[0.99999905, -0.00061388954, -7.7279337e-06;
  0.00061386428, 0.99999911, -0.00029357226;
  7.8041558e-06, 0.00029342683, 0.99999923][0.0021050544; -0.00061682094; 0.0015456129][0.50357026; 0.15478237; -0.849976]
[0.99999595, 2.2093915e-05, -0.0025703767;
  -2.214525e-05, 0.99999934, -9.1311967e-06;
  0.0025702897, 9.038502e-06, 0.99999601][0.0013540972; 0.00041608824; -0.0022790201][0.78514618; -0.23001052; 0.57501334]
[0.99999905, -0.00061388954, -7.7279337e-06;
  0.00061386428, 0.99999911, -0.00029357226;
  7.8041558e-06, 0.00029342683, 0.99999923][0.0021050544; -0.00061682094; 0.0015456129][0.50357026; 0.15478237; -0.849976]
4--------------------
plane[0.50357026; 0.15478237; -0.849976]
[0.99999905, -0.00061388954, -7.7279337e-06;
  0.00061386428, 0.99999911, -0.00029357226;
  7.8041558e-06, 0.00029342683, 0.99999923]
[0.0021050544, -0.00061682094, 0.0015456129]
rrrrrrrrrrrrrrrrrrrrrrrrr
starting--------------------------------------
-3.87254e-06 -5.85233e-06  0.000672011
 -1.36118  0.264098 0.0022812
Newone
[1.0023504, -0.00093855406, -1.4841534;
  -0.00020343238, 0.99913841, 0.089077972;
  -1.1246772e-06, -3.4820278e-07, 1]
[0.99999809, -0.001434955, -0.001429923;
  0.0014347313, 0.99999899, -0.00019874664;
  0.0014302835, 0.00019663076, 0.99999911][0.0032909191; -0.0013929582; -0.0020566704][0.98210049; 0.18441549; -0.038336724]
[0.99999982, 0.00054232572, 0.00046623149;
  -0.00054236647, 0.99999982, 0.00023535237;
  -0.00046602191, -0.00023568276, 1][0.0040490846; 0.00076217693; -0.00015613105][0.79776502; -0.33818486; -0.49920139]
[0.99999982, 0.00054232572, 0.00046623149;
  -0.00054236647, 0.99999982, 0.00023535237;
  -0.00046602191, -0.00023568276, 1][0.0040490846; 0.00076217693; -0.00015613105][0.79776502; -0.33818486; -0.49920139]
0--------------------
plane[0.79776502; -0.33818486; -0.49920139]
3.84947e-06 4.20193e-06 -0.00234127
 -0.35751  0.144354 5.573e-05
Newone
[0.99621916, -0.0018425157, 0.20128447;
  -0.00010276715, 0.99632168, 0.53812283;
  -1.2414395e-06, -3.9971878e-06, 1]
[0.99999905, -0.00064943079, 0.00095209351;
  0.00064734305, 0.99999732, 0.0020641428;
  -0.000953537, -0.0020636111, 0.9999972][-0.0029472192; -0.0022039232; 0.0014602027][0.2047815; -0.027820855; 0.97841221]
[0.9999972, -0.0001159461, -0.0022384461;
  0.00011567942, 0.99999964, -5.9006557e-05;
  0.0022383374, 5.8694557e-05, 0.99999726][-0.00080833014; 0.0001059561; -0.0038743962][0.74436605; 0.55673838; -0.36872941]
[0.99999905, -0.00064943079, 0.00095209351;
  0.00064734305, 0.99999732, 0.0020641428;
  -0.000953537, -0.0020636111, 0.9999972][-0.0029472192; -0.0022039232; 0.0014602027][0.2047815; -0.027820855; 0.97841221]
0--------------------
plane[0.2047815; -0.027820855; 0.97841221]
[0.99999905, -0.00064943079, 0.00095209351;
  0.00064734305, 0.99999732, 0.0020641428;
  -0.000953537, -0.0020636111, 0.9999972]
[-0.0029472192, -0.0022039232, 0.0014602027]
rrrrrrrrrrrrrrrrrrrrrrrrr
 1.11266e-06 -1.97698e-06   0.00116924
    -2.0351   -0.752861 -0.00433842
Newone
[1.0035155, 0.00049484393, -1.812187;
  0.00057560089, 1.0034186, -0.51046997;
  9.6032295e-07, 2.7331296e-06, 1]
[0.99999964, -0.00058261014, -0.00020802852;
  0.00058236538, 0.99999946, -0.0011449659;
  0.00020866592, 0.0011448793, 0.99999917][0.0014926541; -0.0016805574; 0.0020759937][0.14202814; 0.1380589; -0.98018754]
[0.99999785, -0.00013751914, -0.0019626555;
  0.00013799664, 1.0000002, 0.00021067803;
  0.0019626252, -0.00021090391, 0.99999785][-0.0004376726; -0.00042398268; 0.0029984529][-0.48837465; 0.54910666; -0.6782124]
[0.99999964, -0.00058261014, -0.00020802852;
  0.00058236538, 0.99999946, -0.0011449659;
  0.00020866592, 0.0011448793, 0.99999917][0.0014926541; -0.0016805574; 0.0020759937][0.14202814; 0.1380589; -0.98018754]
1--------------------
plane[0.14202814; 0.1380589; -0.98018754]
-1.58351e-06 -2.41852e-06   0.00138747
   -1.50744   -0.540501 -0.00155232
Newone
[0.99758708, -0.00074263074, -0.32271415;
  0.00049043592, 0.99964052, 5.025588e-05;
  -2.9052802e-07, -2.8464399e-06, 1]
[0.99999744, 0.0011244543, -0.0018330731;
  -0.0011236264, 0.99999893, 0.00036952202;
  0.0018333688, -0.0003675851, 0.99999797][-0.0019413496; 0.0019391008; -0.0022868575][0.8679443; 0.49288487; 0.061132282]
[0.99999857, -0.0015191232, 3.0759755e-05;
  0.0015192275, 0.9999972, 0.0016147071;
  -3.3321699e-05, -0.001614819, 0.99999845][-0.003099689; -0.0017613786; -0.00021940598][0.54397064; -0.54361415; 0.63920224]
[0.99999857, -0.0015191232, 3.0759755e-05;
  0.0015192275, 0.9999972, 0.0016147071;
  -3.3321699e-05, -0.001614819, 0.99999845][-0.003099689; -0.0017613786; -0.00021940598][0.54397064; -0.54361415; 0.63920224]
1--------------------
plane[0.54397064; -0.54361415; 0.63920224]
[0.99999857, -0.0015191232, 3.0759755e-05;
  0.0015192275, 0.9999972, 0.0016147071;
  -3.3321699e-05, -0.001614819, 0.99999845]
[-0.003099689, -0.0017613786, -0.00021940598]
rrrrrrrrrrrrrrrrrrrrrrrrr
starting--------------------------------------
 1.35054e-05 -3.00538e-05   0.00710969
   85.9359   -3.57307 -0.0115177
Newone
[1.0149274, -0.0036874474, 87.060997;
  0.003061502, 1.0033773, -2.9165435;
  2.0311027e-06, -7.5527355e-06, 1]
[0.99999499, -0.0028394582, -0.0013999126;
  0.0028448773, 0.99998832, 0.0038831623;
  0.0013889412, -0.0038871283, 0.99999136][0.17558566; -0.0055334363; -0.0064078122][0.051460803; 0.0089984434; 0.99863446]
[0.98512179, -0.00047361906, 0.17185691;
  0.00077762548, 0.99999815, -0.0017016203;
  -0.17185575, 0.0018099409, 0.9851203][0.024029255; 0.0017965039; 0.17413032][0.99824125; -0.033220101; 0.049101263]
[0.99999499, -0.0028394582, -0.0013999126;
  0.0028448773, 0.99998832, 0.0038831623;
  0.0013889412, -0.0038871283, 0.99999136][0.17558566; -0.0055334363; -0.0064078122][0.051460803; 0.0089984434; 0.99863446]
0--------------------
plane[0.051460803; 0.0089984434; 0.99863446]
[-0.003302962114435527; -0.001062018899103851; 0.002834643321209702][0.1743214546386533; -0.004910209985488596; -0.006316037977117056]
[-0.003302962114435527; -0.001062018899103851; 0.002834643321209702]
[0.1743214546386533, -0.004910209985488596, -0.006316037977117056]
rrrrrrrrrrrrrrrrrrrrrrrrr
-7.24391e-05 9.11397e-05  -0.0297748
  73.1397   13.4872 0.0622437
Newone
[1.0289773, 0.002187852, 59.529392;
  0.0011118852, 1.0122911, -1.6948972;
  1.8645829e-05, -7.139502e-06, 1]
[0.99994224, 0.0031802966, -0.010262405;
  -0.0031430353, 0.99998844, 0.0036434815;
  0.010273872, -0.0036110077, 0.99994057][0.14014094; -0.002582381; -0.0097487792][0.064526826; 0.0088768536; 0.99787641]
[0.99178576, 0.0046516717, 0.12782526;
  -0.0048342617, 0.99998772, 0.0011183451;
  -0.12781842, -0.0017270916, 0.99179602][0.017316554; 0.0015485752; 0.13942355][0.99984193; -0.01432252; -0.010537237]
[0.99994224, 0.0031802966, -0.010262405;
  -0.0031430353, 0.99998844, 0.0036434815;
  0.010273872, -0.0036110077, 0.99994057][0.14014094; -0.002582381; -0.0097487792][0.064526826; 0.0088768536; 0.99787641]
1--------------------
plane[0.064526826; 0.0088768536; 0.99787641]
[-0.003509509845263951; -0.01021534119710463; -0.003148011781162311][0.1381522916300292; -0.002419514320779658; -0.009634846928644861]
[-0.003509509845263951; -0.01021534119710463; -0.003148011781162311]
[0.1381522916300292, -0.002419514320779658, -0.009634846928644861]
rrrrrrrrrrrrrrrrrrrrrrrrr
1.96194e-05 -2.2716e-05   0.0061747
   63.0823   -5.37262 -0.0226493
Newone
[1.0312417, -0.00089585158, 64.003754;
  0.0053044148, 1.0155003, -4.8778052;
  1.8528825e-05, -2.0593261e-06, 1]
[0.99994689, -0.00099791551, -0.010232951;
  0.0010081908, 0.99999887, 0.00099937781;
  0.010231979, -0.0010096426, 0.99994695][0.14790924; -0.0024878709; -0.010548472][0.063336134; 0.0052463925; 0.99797845]
[0.99081707, 8.3231142e-05, 0.13520749;
  0.00011222988, 0.99999881, -0.0014380491;
  -0.13520747, 0.0014400184, 0.99081606][0.018647447; 0.00075287058; 0.14712684][0.99981427; -0.017292671; -0.0084966719]
[0.99994689, -0.00099791551, -0.010232951;
  0.0010081908, 0.99999887, 0.00099937781;
  0.010231979, -0.0010096426, 0.99994695][0.14790924; -0.0024878709; -0.010548472][0.063336134; 0.0052463925; 0.99797845]
2--------------------
plane[0.063336134; 0.0052463925; 0.99797845]
[-0.001004357636468906; -0.01023287095743361; 0.001003031388458851][0.1455791017459869; -0.002448512816103345; -0.01038221098764658]
[-0.001004357636468906; -0.01023287095743361; 0.001003031388458851]
[0.1455791017459869, -0.002448512816103345, -0.01038221098764658]
rrrrrrrrrrrrrrrrrrrrrrrrr
 1.30169e-05 -4.83736e-05   0.00740619
   63.7043   -2.20605 -0.0244158
Newone
[1.0307407, -0.0005450591, 61.91814;
  0.0062711514, 1.0149304, -2.0449154;
  2.1438023e-05, 6.808073e-08, 1]
[0.99993223, -0.00089362077, -0.01158356;
  0.00089292356, 0.9999994, -6.4121428e-05;
  0.011583618, 5.3776908e-05, 0.99993265][0.14426133; 0.0036726547; -0.0079877302][0.062760681; 0.0023576841; 0.99802577]
[0.99148637, -0.00098635175, 0.13020499;
  0.00052926835, 0.99999338, 0.0035449502;
  -0.13020769, -0.0034458551, 0.99148053][0.017631255; 0.00059976196; 0.14344826][0.99968767; 0.024628831; 0.0042257011]
[0.99993223, -0.00089362077, -0.01158356;
  0.00089292356, 0.9999994, -6.4121428e-05;
  0.011583618, 5.3776908e-05, 0.99993265][0.14426133; 0.0036726547; -0.0079877302][0.062760681; 0.0023576841; 0.99802577]
3--------------------
plane[0.062760681; 0.0023576841; 0.99802577]
[5.899194944335595e-05; -0.01158388400411217; 0.0008932858958635269][0.1421425766714149; 0.003618803488996819; -0.007870440405237754]
[5.899194944335595e-05; -0.01158388400411217; 0.0008932858958635269]
[0.1421425766714149, 0.003618803488996819, -0.007870440405237754]
rrrrrrrrrrrrrrrrrrrrrrrrr
1.28492e-05 -1.7604e-05   0.0030899
    72.068   -2.36264 -0.0153057
Newone
[1.0334001, 0.0020435352, 67.414116;
  0.00734952, 1.0191224, -4.7725682;
  2.2609127e-05, 6.4133947e-06, 1]
[0.99992478, -0.0017464793, -0.012134484;
  0.001705021, 0.99999255, -0.0034267062;
  0.012140478, 0.0034057724, 0.99992043][0.15693456; 0.0036021243; -0.008726649][0.055435359; 0.011288738; 0.99839836]
[0.9899137, -0.000410304, 0.141671;
  0.00040111894, 0.99999982, 9.347892e-05;
  -0.14167096, -3.569675e-05, 0.98991376][0.018891908; 0.0015269071; 0.15607163][0.99971789; 0.021806439; 0.009416759]
[0.99992478, -0.0017464793, -0.012134484;
  0.001705021, 0.99999255, -0.0034267062;
  0.012140478, 0.0034057724, 0.99992043][0.15693456; 0.0036021243; -0.008726649][0.055435359; 0.011288738; 0.99839836]
4--------------------
plane[0.055435359; 0.011288738; 0.99839836]
[0.005505824444811347; -0.01039845804657243; 0.002058549589170773][0.1526154031654698; 0.005623992266616483; -0.007807530851876603]
[0.005505824444811347; -0.01039845804657243; 0.002058549589170773]
[0.1526154031654698, 0.005623992266616483, -0.007807530851876603]
rrrrrrrrrrrrrrrrrrrrrrrrr
starting--------------------------------------
starting--------------------------------------
-4.46701e-06 -9.92893e-06   0.00155179
  -1.21517   0.065948 0.00214403
Newone
[1.0022382, -0.0010062826, -1.4634244;
  -0.0002544579, 0.99892306, 0.12643969;
  -1.3604244e-06, -6.1222772e-07, 1]
[0.9999972, -0.0015288994, -0.0014847877;
  0.0015287171, 0.99999833, -0.0001607634;
  0.0014851131, 0.00015862181, 0.99999857][0.0033638219; -0.0014907692; -0.0022502658][0.97690135; 0.21323787; -0.013897955]
[0.99999905, 0.00064718444, 0.00066933822;
  -0.00064735609, 0.99999923, 0.00034136977;
  -0.00066904066, -0.00034173898, 0.99999934][0.0042129285; 0.00092153222; -5.8306381e-05][0.77957302; -0.34594715; -0.52209795]
[0.99999905, 0.00064718444, 0.00066933822;
  -0.00064735609, 0.99999923, 0.00034136977;
  -0.00066904066, -0.00034173898, 0.99999934][0.0042129285; 0.00092153222; -5.8306381e-05][0.77957302; -0.34594715; -0.52209795]
0--------------------
plane[0.77957302; -0.34594715; -0.52209795]
-1.97793e-07 8.41315e-06 -0.00174881
-0.400332  0.224009 0.0011207
Newone
[0.9960916, -0.0015688949, 0.18152708;
  -0.0001969202, 0.99647272, 0.54256499;
  -1.5565821e-06, -3.4732534e-06, 1]
[0.99999875, -0.00057352358, 0.0011232781;
  0.00057145755, 0.99999785, 0.0017761893;
  -0.0011242602, -0.0017754118, 0.99999738][-0.0031296648; -0.001902817; 0.0014681444][0.20709047; -0.036002815; 0.97765899]
[0.99999702, -6.634053e-05, -0.0022490586;
  6.6207234e-05, 0.99999964, -3.7623671e-05;
  0.0022490865, 3.7597161e-05, 0.99999702][-0.0008150544; 0.00013845373; -0.0038584298][0.79306674; 0.48228347; -0.3720853]
[0.99999875, -0.00057352358, 0.0011232781;
  0.00057145755, 0.99999785, 0.0017761893;
  -0.0011242602, -0.0017754118, 0.99999738][-0.0031296648; -0.001902817; 0.0014681444][0.20709047; -0.036002815; 0.97765899]
0--------------------
plane[0.20709047; -0.036002815; 0.97765899]
[0.99999875, -0.00057352358, 0.0011232781;
  0.00057145755, 0.99999785, 0.0017761893;
  -0.0011242602, -0.0017754118, 0.99999738]
[-0.0031296648, -0.001902817, 0.0014681444]
rrrrrrrrrrrrrrrrrrrrrrrrr
-7.60477e-07 -1.7832e-06  0.00081754
   -2.08734   -0.514875 -0.00268341
Newone
[1.0034317, 0.00049147947, -1.807295;
  0.00047497946, 1.0033661, -0.49683192;
  6.2037975e-07, 2.7138467e-06, 1]
[0.99999934, -0.00060659909, 3.7795966e-05;
  0.00060656737, 0.99999857, -0.0011320127;
  -3.7041613e-05, 0.0011320709, 0.99999887][0.0017248357; -0.0016662525; 0.0021440031][0.16925541; 0.13495152; -0.97628915]
[0.99999756, -9.1870141e-05, -0.0020048327;
  9.2200258e-05, 0.99999934, 0.00020048952;
  0.0020048602, -0.0002006375, 0.99999744][-0.00054740888; -0.00043577375; 0.0031398486][-0.53666031; 0.51785135; -0.66620243]
[0.99999934, -0.00060659909, 3.7795966e-05;
  0.00060656737, 0.99999857, -0.0011320127;
  -3.7041613e-05, 0.0011320709, 0.99999887][0.0017248357; -0.0016662525; 0.0021440031][0.16925541; 0.13495152; -0.97628915]
1--------------------
plane[0.16925541; 0.13495152; -0.97628915]
-1.67021e-06 -1.9875e-06    0.001634
   -0.765561    -0.422272 -0.000934042
Newone
[0.99733615, -0.00053922774, -0.30042142;
  0.00036268585, 0.99967766, 0.03045834;
  -6.8669408e-07, -2.4549734e-06, 1]
[0.99999779, 0.001160468, -0.0017131601;
  -0.0011599266, 0.99999911, 0.00029033574;
  0.0017133707, -0.00028830249, 0.99999827][-0.002117032; 0.0018843868; -0.0023163871][0.89495647; 0.43202105; 0.11140364]
[0.99999893, -0.0014438346, 0.0001217132;
  0.0014436918, 0.99999762, 0.0015007426;
  -0.00012401445, -0.0015005023, 0.99999863][-0.0032753323; -0.0015821914; -0.00040896918][0.57879364; -0.51545417; 0.63190556]
[0.99999893, -0.0014438346, 0.0001217132;
  0.0014436918, 0.99999762, 0.0015007426;
  -0.00012401445, -0.0015005023, 0.99999863][-0.0032753323; -0.0015821914; -0.00040896918][0.57879364; -0.51545417; 0.63190556]
1--------------------
plane[0.57879364; -0.51545417; 0.63190556]
[0.99999893, -0.0014438346, 0.0001217132;
  0.0014436918, 0.99999762, 0.0015007426;
  -0.00012401445, -0.0015005023, 0.99999863]
[-0.0032753323, -0.0015821914, -0.00040896918]
rrrrrrrrrrrrrrrrrrrrrrrrr
-1.18654e-06 -5.51588e-06   0.00113621
 -1.35992  0.456976 0.0021178
Newone
[1.0018208, -0.00037883391, -1.344178;
  -0.00026521811, 0.99768043, 0.48393661;
  -7.7076794e-07, -1.990107e-06, 1]
[0.99999791, -0.0015944764, -0.0011569174;
  0.0015944904, 0.99999845, 1.4542581e-05;
  0.0011567938, -1.6464188e-05, 0.99999893][0.0033627369; -0.0020047766; -0.001869205][0.83495986; 0.55024189; -0.0087080747]
[0.99999791, 0.0019312354, 0.00037781917;
  -0.0019316379, 0.99999732, 0.0010623416;
  -0.00037587699, -0.0010631295, 0.99999893][-0.0036227431; -0.0023864973; 3.7651858e-05][-0.77503324; 0.46174541; 0.43141001]
[0.99999791, 0.0019312354, 0.00037781917;
  -0.0019316379, 0.99999732, 0.0010623416;
  -0.00037587699, -0.0010631295, 0.99999893][-0.0036227431; -0.0023864973; 3.7651858e-05][-0.77503324; 0.46174541; 0.43141001]
2--------------------
plane[-0.77503324; 0.46174541; 0.43141001]
 1.25006e-07 -4.05439e-06   0.00109506
  -0.863098    -1.25424 -0.00394276
Newone
[0.99715519, -0.0008932791, 0.039084986;
  -0.00038184121, 0.99697977, 0.64396733;
  -1.1982688e-06, -2.2536021e-06, 1]
[1.0000002, 3.4036206e-05, 0.00069814565;
  -3.5053668e-05, 0.99999952, 0.0013217988;
  -0.00069804298, -0.001321768, 0.99999928][-0.0022114757; -0.0012885239; 0.001444912][0.046593815; 0.093835667; 0.99449682]
[0.99999917, -0.00011432077, -0.001573201;
  0.00011408278, 1.0000004, -9.9469697e-05;
  0.0015733, 9.9352699e-05, 0.99999911][-0.00013565656; -0.00027759018; -0.0029228805][0.75221872; 0.43866861; -0.49166742]
[1.0000002, 3.4036206e-05, 0.00069814565;
  -3.5053668e-05, 0.99999952, 0.0013217988;
  -0.00069804298, -0.001321768, 0.99999928][-0.0022114757; -0.0012885239; 0.001444912][0.046593815; 0.093835667; 0.99449682]
2--------------------
plane[0.046593815; 0.093835667; 0.99449682]
[1.0000002, 3.4036206e-05, 0.00069814565;
  -3.5053668e-05, 0.99999952, 0.0013217988;
  -0.00069804298, -0.001321768, 0.99999928]
[-0.0022114757, -0.0012885239, 0.001444912]
rrrrrrrrrrrrrrrrrrrrrrrrr
 2.75648e-06  2.30407e-06 -0.000397779
    -1.58909   -0.0439832 -0.000849446
Newone
[1.003333, -0.00091855042, -1.5579722;
  0.00038823701, 1.0001197, -0.016784383;
  1.1168981e-06, 3.097384e-07, 1]
[0.99999827, -0.0015465142, -0.0010336221;
  0.001546259, 0.99999899, -0.00025380391;
  0.0010339608, 0.00025221379, 0.99999952][0.0027611102; -0.0014882861; -0.00046752219][0.95816684; 0.1917927; -0.2124424]
[0.99999923, 0.00041013391, -0.0011692868;
  -0.00040993423, 1.0000001, 0.00015272979;
  0.0011693081, -0.00015225075, 0.9999994][-0.0030390527; -0.00060999719; 0.00067034573][-0.87021899; 0.46979681; 0.14835697]
[0.99999923, 0.00041013391, -0.0011692868;
  -0.00040993423, 1.0000001, 0.00015272979;
  0.0011693081, -0.00015225075, 0.9999994][-0.0030390527; -0.00060999719; 0.00067034573][-0.87021899; 0.46979681; 0.14835697]
3--------------------
plane[-0.87021899; 0.46979681; 0.14835697]
 1.63825e-06 -1.56885e-07  0.000366219
  -0.625566  -0.0735731 -0.00039081
Newone
[0.99799752, -0.00046564927, -0.38287789;
  0.00014631082, 0.99936938, 0.094983481;
  -6.3913029e-07, -1.928306e-07, 1]
[0.99999928, -0.00030820249, 0.00049729232;
  0.00030813948, 0.99999946, 0.00011425299;
  -0.00049729034, -0.00011413252, 0.99999923][-0.0027852983; -1.9682713e-05; 0.00037035695][0.43600643; 0.034480922; 0.89928252]
[0.99999708, -0.00039613587, -0.0021712023;
  0.00039631434, 0.9999994, 8.3595289e-05;
  0.0021712328, -8.4487809e-05, 0.99999702][-0.0012229772; -9.7569005e-05; -0.0025278935][0.99114251; 0.0066688247; -0.1326341]
[0.99999928, -0.00030820249, 0.00049729232;
  0.00030813948, 0.99999946, 0.00011425299;
  -0.00049729034, -0.00011413252, 0.99999923][-0.0027852983; -1.9682713e-05; 0.00037035695][0.43600643; 0.034480922; 0.89928252]
3--------------------
plane[0.43600643; 0.034480922; 0.89928252]
[0.99999928, -0.00030820249, 0.00049729232;
  0.00030813948, 0.99999946, 0.00011425299;
  -0.00049729034, -0.00011413252, 0.99999923]
[-0.0027852983, -1.9682713e-05, 0.00037035695]
rrrrrrrrrrrrrrrrrrrrrrrrr
-4.29535e-06 -9.77745e-06    0.0020623
    -1.92511    -0.534318 -0.000926146
Newone
[1.0032524, 0.00028912246, -1.9263251;
  0.0003248069, 1.0020159, -0.40154582;
  3.7935715e-07, 8.9859907e-07, 1]
[0.99999887, -0.00043747848, 0.00061311561;
  0.0004376049, 0.99999917, -0.00018666471;
  -0.00061297044, 0.00018701346, 0.99999917][0.0027255816; -0.00044265308; 0.0017610025][0.46189046; 0.16155669; -0.87209886]
[0.99999577, 0.00020650723, -0.0025715143;
  -0.00020672263, 0.99999923, -8.5211286e-05;
  0.002571583, 8.5799962e-05, 0.99999613][0.0015154439; 0.00052966794; -0.002854601][0.83273959; -0.13518265; 0.53690785]
[0.99999887, -0.00043747848, 0.00061311561;
  0.0004376049, 0.99999917, -0.00018666471;
  -0.00061297044, 0.00018701346, 0.99999917][0.0027255816; -0.00044265308; 0.0017610025][0.46189046; 0.16155669; -0.87209886]
4--------------------
plane[0.46189046; 0.16155669; -0.87209886]
 -7.0342e-07 -4.18614e-06  0.000679679
   -1.02441   -0.288291 -0.00176905
Newone
[0.99789268, -0.00026764782, -0.54659998;
  0.00023418327, 0.99956667, 0.040240951;
  -1.6296417e-07, -1.5683203e-06, 1]
[0.9999975, 0.00072900782, -0.0021271212;
  -0.00072864798, 0.99999946, 0.00018207952;
  0.0021272446, -0.00018045247, 0.99999744][-0.0017753433; 0.001043617; -0.0023048702][0.95971864; 0.27899683; 0.033182591]
[0.99999976, -0.0007695395, 2.4345332e-05;
  0.00076948607, 0.99999905, 0.00085944094;
  -2.5040448e-05, -0.00085933623, 0.9999994][-0.0029662275; -0.00086245424; -0.00010523223][0.57516187; -0.33804578; 0.74492538]
[0.99999976, -0.0007695395, 2.4345332e-05;
  0.00076948607, 0.99999905, 0.00085944094;
  -2.5040448e-05, -0.00085933623, 0.9999994][-0.0029662275; -0.00086245424; -0.00010523223][0.57516187; -0.33804578; 0.74492538]
4--------------------
plane[0.57516187; -0.33804578; 0.74492538]
[0.99999976, -0.0007695395, 2.4345332e-05;
  0.00076948607, 0.99999905, 0.00085944094;
  -2.5040448e-05, -0.00085933623, 0.9999994]
[-0.0029662275, -0.00086245424, -0.00010523223]
rrrrrrrrrrrrrrrrrrrrrrrrr
starting--------------------------------------
-2.14673e-06 -3.46008e-06  0.000199467
   -1.5264   0.151558 0.00139484
Newone
[1.0023229, -0.0007598364, -1.5231763;
  -0.0002457074, 0.99941856, 0.039580919;
  -1.1521711e-06, -4.316361e-08, 1]
[0.99999881, -0.001089041, -0.0014872157;
  0.0010886261, 0.99999976, -0.00020649451;
  0.0014873188, 0.00020473392, 0.99999923][0.0031691249; -0.001064988; -0.0021054577][0.99345666; 0.10803244; -0.037056908]
[1.0000004, 0.00031333088, 0.00048937125;
  -0.00031345847, 1.0000004, 6.1547042e-05;
  -0.00048946228, -6.184847e-05, 1.0000001][0.0039250664; 0.00042836997; -0.00014442299][0.80173403; -0.2698974; -0.53327125]
[1.0000004, 0.00031333088, 0.00048937125;
  -0.00031345847, 1.0000004, 6.1547042e-05;
  -0.00048946228, -6.184847e-05, 1.0000001][0.0039250664; 0.00042836997; -0.00014442299][0.80173403; -0.2698974; -0.53327125]
0--------------------
plane[0.80173403; -0.2698974; -0.53327125]
[1.0000004, 0.00031333088, 0.00048937125;
  -0.00031345847, 1.0000004, 6.1547042e-05;
  -0.00048946228, -6.184847e-05, 1.0000001]
[0.0039250664, 0.00042836997, -0.00014442299]
rrrrrrrrrrrrrrrrrrrrrrrrr
-1.53738e-06 -5.24086e-06   0.00251186
   -2.16759    -1.32482 -0.00517616
Newone
[1.0035664, 0.00054942939, -1.8335034;
  0.000835107, 1.0033621, -0.52269465;
  1.7456466e-06, 2.4573621e-06, 1]
[0.99999851, -0.0002764774, -0.0017110852;
  0.00027685537, 1.0000002, 0.00019532487;
  0.0017110567, -0.00019585846, 0.99999869][7.0703973e-05; -0.00043977326; 0.0025299296][-0.31614229; 0.58759618; -0.74483895]
[0.99999952, -0.00037305453, -0.00096822192;
  0.00037214934, 0.99999976, -0.00096070702;
  0.00096857781, 0.0009602831, 0.99999923][0.00081004563; -0.0015099093; 0.0019138817][-0.028787613; 0.17082776; -0.98488033]
[0.99999952, -0.00037305453, -0.00096822192;
  0.00037214934, 0.99999976, -0.00096070702;
  0.00096857781, 0.0009602831, 0.99999923][0.00081004563; -0.0015099093; 0.0019138817][-0.028787613; 0.17082776; -0.98488033]
1--------------------
plane[-0.028787613; 0.17082776; -0.98488033]
[0.99999952, -0.00037305453, -0.00096822192;
  0.00037214934, 0.99999976, -0.00096070702;
  0.00096857781, 0.0009602831, 0.99999923]
[0.00081004563, -0.0015099093, 0.0019138817]
rrrrrrrrrrrrrrrrrrrrrrrrr
-1.21316e-06 -6.15428e-06   0.00123726
  -1.39609   0.516342 0.00233228
Newone
[1.0018498, -0.00017541494, -1.3892552;
  -0.00024068335, 0.99810517, 0.40482515;
  -5.9905881e-07, -1.5201688e-06, 1]
[0.99999869, -0.0013449518, -0.001099127;
  0.0013448799, 0.99999958, -7.4522708e-05;
  0.0010991883, 7.308073e-05, 0.99999958][0.0031571146; -0.0016952999; -0.0016622177][0.85012096; 0.52401829; -0.05195643]
[0.99999863, 0.0017517314, 0.00015280821;
  -0.0017518521, 0.99999857, 0.00088603533;
  -0.00015128545, -0.00088626484, 0.99999976][-0.003358698; -0.0020692302; 0.00020449026][-0.79910928; 0.42883039; 0.42134196]
[0.99999863, 0.0017517314, 0.00015280821;
  -0.0017518521, 0.99999857, 0.00088603533;
  -0.00015128545, -0.00088626484, 0.99999976][-0.003358698; -0.0020692302; 0.00020449026][-0.79910928; 0.42883039; 0.42134196]
2--------------------
plane[-0.79910928; 0.42883039; 0.42134196]
[0.99999863, 0.0017517314, 0.00015280821;
  -0.0017518521, 0.99999857, 0.00088603533;
  -0.00015128545, -0.00088626484, 0.99999976]
[-0.003358698, -0.0020692302, 0.00020449026]
rrrrrrrrrrrrrrrrrrrrrrrrr
 2.26811e-06  1.85134e-06 -0.000208391
    -1.74486   -0.0662403 -0.000815035
Newone
[1.0034738, -0.00086806499, -1.5791173;
  0.00073365949, 1.0001462, -0.04643669;
  2.2781321e-06, 7.5879882e-08, 1]
[0.9999972, -0.0016828135, -0.0014403356;
  0.0016826842, 0.99999815, -0.00013756964;
  0.0014405001, 0.00013515701, 0.99999851][0.0022068564; -0.0016199934; -0.00026597668][0.92331934; 0.35873121; -0.13708833]
[0.99999827, 0.00060412299, -0.0014942209;
  -0.0006037759, 0.9999994, 0.00018100903;
  0.0014942718, -0.00018009686, 0.99999845][-0.0025396226; -0.00098805747; 0.00037335898][-0.80188215; 0.5894084; 0.097890645]
[0.99999827, 0.00060412299, -0.0014942209;
  -0.0006037759, 0.9999994, 0.00018100903;
  0.0014942718, -0.00018009686, 0.99999845][-0.0025396226; -0.00098805747; 0.00037335898][-0.80188215; 0.5894084; 0.097890645]
3--------------------
plane[-0.80188215; 0.5894084; 0.097890645]
[0.99999827, 0.00060412299, -0.0014942209;
  -0.0006037759, 0.9999994, 0.00018100903;
  0.0014942718, -0.00018009686, 0.99999845]
[-0.0025396226, -0.00098805747, 0.00037335898]
rrrrrrrrrrrrrrrrrrrrrrrrr
-4.92112e-07 1.24325e-06   0.0002476
   -1.93612   -0.377466 -0.00131892
Newone
[1.0032825, 0.00047536867, -1.9750069;
  0.00048683424, 1.002174, -0.4415952;
  8.6509135e-07, 9.9777492e-07, 1]
[0.99999934, -0.00042686929, 0.00024800727;
  0.00042687575, 0.99999958, -0.00010587041;
  -0.00024811772, 0.00010598108, 0.99999928][0.0023996225; -0.00036157624; 0.0017153666][0.40960184; 0.24347679; -0.87917292]
[0.99999619, 0.00030431914, -0.002559216;
  -0.00030485747, 0.99999958, -0.00020503841;
  0.0025590139, 0.00020582876, 0.99999607][0.0012202156; 0.00072403776; -0.002611178][0.80813181; -0.12163; 0.5763061]
[0.99999934, -0.00042686929, 0.00024800727;
  0.00042687575, 0.99999958, -0.00010587041;
  -0.00024811772, 0.00010598108, 0.99999928][0.0023996225; -0.00036157624; 0.0017153666][0.40960184; 0.24347679; -0.87917292]
4--------------------
plane[0.40960184; 0.24347679; -0.87917292]
[0.99999934, -0.00042686929, 0.00024800727;
  0.00042687575, 0.99999958, -0.00010587041;
  -0.00024811772, 0.00010598108, 0.99999928]
[0.0023996225, -0.00036157624, 0.0017153666]
rrrrrrrrrrrrrrrrrrrrrrrrr
-3.57704e-06 -8.43866e-06   0.00199336
     -1.5069    0.0735783 -0.000654431
Newone
[1.0021573, 5.0940187e-05, -1.4226966;
  0.00011895175, 1.0003445, 0.21620993;
  6.3377155e-07, -4.7058705e-07, 1]
[0.99999976, -0.00019557127, 7.7267527e-05;
  0.00019549858, 1, 0.00036040618;
  -7.7158911e-05, -0.00036035586, 1.0000001][0.002116845; -0.00033722803; 0.00060531334][0.67750269; 0.18752316; -0.71121371]
[0.99999797, 0.00042976381, -0.0018364101;
  -0.00042890946, 0.99999988, 0.00048727603;
  0.0018367853, -0.00048646465, 0.99999845][0.0015104887; 0.00041683545; -0.0015829818][0.95063657; -0.15140599; 0.27086177]
[0.99999976, -0.00019557127, 7.7267527e-05;
  0.00019549858, 1, 0.00036040618;
  -7.7158911e-05, -0.00036035586, 1.0000001][0.002116845; -0.00033722803; 0.00060531334][0.67750269; 0.18752316; -0.71121371]
0--------------------
plane[0.67750269; 0.18752316; -0.71121371]
[0.99999976, -0.00019557127, 7.7267527e-05;
  0.00019549858, 1, 0.00036040618;
  -7.7158911e-05, -0.00036035586, 1.0000001]
[0.002116845, -0.00033722803, 0.00060531334]
rrrrrrrrrrrrrrrrrrrrrrrrr
-9.12001e-07 -7.21999e-06   0.00212342
  -1.33851   0.947805 0.00291015
Newone
[1.0021458, -0.00016268759, -1.4119686;
  -0.00079327438, 0.99840295, 0.60681897;
  -1.8442551e-06, -1.6010087e-07, 1]
[0.99999934, -0.0014317476, -3.3576867e-05;
  0.0014317469, 0.99999946, -0.00027840803;
  3.3975019e-05, 0.00027836359, 1.0000006][0.0040181275; -0.0019619707; -0.0011033332][0.9082728; 0.3282406; -0.25941986]
[0.99999899, 0.001671513, -7.3338233e-05;
  -0.0016714667, 0.99999887, 0.00059353077;
  7.4299605e-05, -0.00059340009, 1.0000004][-0.0041834335; -0.0015110716; 0.0011948103][-0.87247235; 0.42584977; 0.23967479]
[0.99999899, 0.001671513, -7.3338233e-05;
  -0.0016714667, 0.99999887, 0.00059353077;
  7.4299605e-05, -0.00059340009, 1.0000004][-0.0041834335; -0.0015110716; 0.0011948103][-0.87247235; 0.42584977; 0.23967479]
1--------------------
plane[-0.87247235; 0.42584977; 0.23967479]
[0.99999899, 0.001671513, -7.3338233e-05;
  -0.0016714667, 0.99999887, 0.00059353077;
  7.4299605e-05, -0.00059340009, 1.0000004]
[-0.0041834335, -0.0015110716, 0.0011948103]
rrrrrrrrrrrrrrrrrrrrrrrrr
-1.29791e-06 -4.29349e-07  8.41809e-05
   -0.972576   -0.0499875 -5.75843e-05
Newone
[1.0028383, 0.00043117779, -1.4171999;
  0.00010481902, 1.0018231, -0.26238707;
  1.894562e-07, 2.2567951e-06, 1]
[1.0000005, -0.00077690242, 0.00058044301;
  0.00077742385, 1, -0.00090705941;
  -0.00057991291, 0.00090735691, 1.0000001][0.0021573366; -0.0012895102; 0.0012194202][0.55775452; 0.22631799; -0.79855531]
[0.99999917, 0.00042911762, -0.0018188733;
  -0.00042939305, 1.0000006, -0.00015496304;
  0.0018185957, 0.0001556208, 0.99999899][-0.0015593854; -0.00063368649; 0.0022295029][-0.77244651; 0.46150517; -0.43627959]
[1.0000005, -0.00077690242, 0.00058044301;
  0.00077742385, 1, -0.00090705941;
  -0.00057991291, 0.00090735691, 1.0000001][0.0021573366; -0.0012895102; 0.0012194202][0.55775452; 0.22631799; -0.79855531]
2--------------------
plane[0.55775452; 0.22631799; -0.79855531]
[1.0000005, -0.00077690242, 0.00058044301;
  0.00077742385, 1, -0.00090705941;
  -0.00057991291, 0.00090735691, 1.0000001]
[0.0021573366, -0.0012895102, 0.0012194202]
rrrrrrrrrrrrrrrrrrrrrrrrr
-1.58793e-06 -3.77093e-06   0.00113684
   -1.25409    0.081426 -0.00159686
Newone
[1.0023364, 0.00029817634, -1.1430949;
  -0.00037422005, 1.0001882, 0.38578972;
  1.2643457e-06, -2.1935647e-07, 1]
[0.99999994, -5.2444298e-05, -0.00036131963;
  5.2539366e-05, 1.0000001, 0.00020062979;
  0.00036132551, -0.00020069891, 1][0.001613759; -0.00079296081; 0.00032860288][0.92006832; 0.26072356; -0.29239979]
[0.99999881, 0.0010969472, -0.0011339792;
  -0.001096539, 0.99999946, 0.00034732613;
  0.0011343765, -0.00034612429, 0.99999946][-0.0016823816; -0.00047553558; 0.00053333142][-0.88324004; 0.43341294; -0.17899802]
[0.99999881, 0.0010969472, -0.0011339792;
  -0.001096539, 0.99999946, 0.00034732613;
  0.0011343765, -0.00034612429, 0.99999946][-0.0016823816; -0.00047553558; 0.00053333142][-0.88324004; 0.43341294; -0.17899802]
3--------------------
plane[-0.88324004; 0.43341294; -0.17899802]
[0.99999881, 0.0010969472, -0.0011339792;
  -0.001096539, 0.99999946, 0.00034732613;
  0.0011343765, -0.00034612429, 0.99999946]
[-0.0016823816, -0.00047553558, 0.00053333142]
rrrrrrrrrrrrrrrrrrrrrrrrr
 -8.3103e-07 -5.42586e-06    0.0015469
   -1.64044    0.196942 -0.00142124
Newone
[1.0022743, -0.00079760246, -1.3183688;
  -0.00090317335, 0.99993747, 0.50397021;
  -9.4311929e-07, 4.7871146e-07, 1]
[0.99999917, -0.00057081378, 0.00021588425;
  0.00057092466, 0.99999917, -0.00021498591;
  -0.00021573405, 0.00021497396, 0.99999917][0.0033438352; -0.0014312955; -0.00032052369][0.87185872; -0.11360084; -0.47640002]
[0.99999875, 0.00029818236, -0.0010966369;
  -0.00029767107, 0.99999917, 0.00043057863;
  0.0010967822, -0.00043035284, 0.99999851][0.0031843104; -0.00041455287; -0.001738071][0.91568065; -0.39210296; -0.088227034]
[0.99999917, -0.00057081378, 0.00021588425;
  0.00057092466, 0.99999917, -0.00021498591;
  -0.00021573405, 0.00021497396, 0.99999917][0.0033438352; -0.0014312955; -0.00032052369][0.87185872; -0.11360084; -0.47640002]
4--------------------
plane[0.87185872; -0.11360084; -0.47640002]
[0.99999917, -0.00057081378, 0.00021588425;
  0.00057092466, 0.99999917, -0.00021498591;
  -0.00021573405, 0.00021497396, 0.99999917]
[0.0033438352, -0.0014312955, -0.00032052369]
rrrrrrrrrrrrrrrrrrrrrrrrr
starting--------------------------------------
-1.64463e-06  -3.8103e-07 -0.000327416
  -1.54176   0.161599 0.00130417
Newone
[1.0022864, -0.0010649083, -1.4460887;
  -0.00011054261, 0.99894726, 0.10913584;
  -7.9406794e-07, -7.7657108e-07, 1]
[0.99999714, -0.0016337159, -0.0015784778;
  0.0016335043, 0.99999833, -0.00014091683;
  0.0015787898, 0.00013835852, 0.99999863][0.003092723; -0.0016102074; -0.0020682786][0.96454638; 0.26391092; -0.0010757148]
[0.99999934, 0.00073752092, 0.00041572104;
  -0.00073767843, 0.99999934, 0.00040834286;
  -0.00041535133, -0.00040865329, 0.99999964][-0.0039098607; -0.0010716647; 2.2312161e-06][-0.76239389; 0.3974559; 0.5106703]
[0.99999934, 0.00073752092, 0.00041572104;
  -0.00073767843, 0.99999934, 0.00040834286;
  -0.00041535133, -0.00040865329, 0.99999964][-0.0039098607; -0.0010716647; 2.2312161e-06][-0.76239389; 0.3974559; 0.5106703]
0--------------------
plane[-0.76239389; 0.3974559; 0.5106703]
-5.93767e-06  1.49084e-06 -1.58742e-05
 -0.334294   0.209823 0.00220933
Newone
[0.99612975, -0.0017007083, 0.19760865;
  -0.00015762355, 0.99639302, 0.54246831;
  -1.4186226e-06, -3.7336431e-06, 1]
[0.99999863, -0.00061301858, 0.0010525158;
  0.00061112683, 0.9999975, 0.00191627;
  -0.0010536324, -0.0019157258, 0.99999738][-0.0030532142; -0.0020505919; 0.0014685198][0.20829603; -0.033912584; 0.97747779]
[0.9999969, -8.1956845e-05, -0.0022461468;
  8.2004044e-05, 0.99999952, -4.5219913e-05;
  0.0022461955, 4.496186e-05, 0.99999726][-0.00082264119; 0.00013039494; -0.0038716733][0.7709229; 0.51787263; -0.37079021]
[0.99999863, -0.00061301858, 0.0010525158;
  0.00061112683, 0.9999975, 0.00191627;
  -0.0010536324, -0.0019157258, 0.99999738][-0.0030532142; -0.0020505919; 0.0014685198][0.20829603; -0.033912584; 0.97747779]
0--------------------
plane[0.20829603; -0.033912584; 0.97747779]
[0.99999863, -0.00061301858, 0.0010525158;
  0.00061112683, 0.9999975, 0.00191627;
  -0.0010536324, -0.0019157258, 0.99999738]
[-0.0030532142, -0.0020505919, 0.0014685198]
rrrrrrrrrrrrrrrrrrrrrrrrr
 -2.2257e-06 -6.47324e-06   0.00231315
  -1.92579  -0.956211 -0.0035981
Newone
[1.0036868, 0.00039947758, -1.7894633;
  0.00072766974, 1.0035683, -0.53977883;
  1.441254e-06, 2.9156042e-06, 1]
[0.99999952, -0.00064815936, -0.00048214276;
  0.00064757367, 0.99999893, -0.0013409001;
  0.00048306806, 0.0013407585, 0.99999869][0.0012222368; -0.0018870253; 0.0019223387][0.14160763; 0.096704066; -0.98518789]
[0.99999791, -0.00026181736, -0.0019561509;
  0.00026254184, 0.99999988, 0.00032615618;
  0.0019560948, -0.00032647792, 0.99999774][-0.00042230624; -0.00028772611; 0.0029135863][-0.41369081; 0.63778538; -0.64968419]
[0.99999952, -0.00064815936, -0.00048214276;
  0.00064757367, 0.99999893, -0.0013409001;
  0.00048306806, 0.0013407585, 0.99999869][0.0012222368; -0.0018870253; 0.0019223387][0.14160763; 0.096704066; -0.98518789]
1--------------------
plane[0.14160763; 0.096704066; -0.98518789]
-1.83336e-06 -3.04524e-06   0.00133135
  -0.965847   -0.368142 -0.00144235
Newone
[0.99740452, -0.00061944115, -0.29982761;
  0.00040449717, 0.99965203, 0.023851691;
  -5.5258374e-07, -2.6009193e-06, 1]
[0.99999774, 0.001147949, -0.0017567362;
  -0.0011474887, 0.99999905, 0.00032229593;
  0.0017570249, -0.00032028192, 0.99999845][-0.0020662569; 0.0018985276; -0.0023076958][0.88676345; 0.45288679; 0.092433989]
[0.99999881, -0.00147482, 9.6290845e-05;
  0.0014745714, 0.99999744, 0.0015425811;
  -9.8622033e-05, -0.0015424159, 0.99999881][-0.0032211361; -0.0016462153; -0.00033695961][0.56917512; -0.52325112; 0.6342302]
[0.99999881, -0.00147482, 9.6290845e-05;
  0.0014745714, 0.99999744, 0.0015425811;
  -9.8622033e-05, -0.0015424159, 0.99999881][-0.0032211361; -0.0016462153; -0.00033695961][0.56917512; -0.52325112; 0.6342302]
1--------------------
plane[0.56917512; -0.52325112; 0.6342302]
[0.99999881, -0.00147482, 9.6290845e-05;
  0.0014745714, 0.99999744, 0.0015425811;
  -9.8622033e-05, -0.0015424159, 0.99999881]
[-0.0032211361, -0.0016462153, -0.00033695961]
rrrrrrrrrrrrrrrrrrrrrrrrr
-7.26725e-07 -2.00775e-06  0.000242721
  -1.37433   0.430728 0.00170401
Newone
[1.0017066, -0.00053156383, -1.2960525;
  -0.0001368247, 0.9974221, 0.50939119;
  -3.3083955e-07, -2.5665618e-06, 1]
[0.99999827, -0.001634801, -0.0013707363;
  0.0016349587, 0.99999928, 0.00013349508;
  0.0013705305, -0.00013582893, 0.99999976][0.0031156307; -0.0021525528; -0.0019640015][0.78580898; 0.61693114; 0.043593377]
[0.99999851, 0.0019797951, 0.00031213154;
  -0.0019802253, 0.99999791, 0.0012537593;
  -0.00030963021, -0.0012544859, 0.99999982][-0.0033525415; -0.0026313197; -0.00018591428][-0.7301994; 0.50414878; 0.46113232]
[0.99999851, 0.0019797951, 0.00031213154;
  -0.0019802253, 0.99999791, 0.0012537593;
  -0.00030963021, -0.0012544859, 0.99999982][-0.0033525415; -0.0026313197; -0.00018591428][-0.7301994; 0.50414878; 0.46113232]
2--------------------
plane[-0.7301994; 0.50414878; 0.46113232]
-1.80311e-06 -3.10252e-06  0.000602536
 -0.177055   0.503338 0.00248102
Newone
[0.99719965, -0.00094761344, 0.037981093;
  -0.00034968523, 0.99694598, 0.64032549;
  -1.0717679e-06, -2.4258386e-06, 1]
[1.0000001, 2.1932068e-05, 0.00063742313;
  -2.2809692e-05, 0.99999905, 0.0014064485;
  -0.00063737342, -0.0014065785, 0.99999899][-0.0021497137; -0.0013758889; 0.0014336889][0.05103007; 0.09036611; 0.99460042]
[0.99999917, -0.00010299339, -0.0015783327;
  0.00010286195, 1, -9.6044889e-05;
  0.0015784018, 9.5762654e-05, 0.99999893][-0.00014800578; -0.00026645378; -0.0029115116][0.73412538; 0.47029144; -0.48978177]
[1.0000001, 2.1932068e-05, 0.00063742313;
  -2.2809692e-05, 0.99999905, 0.0014064485;
  -0.00063737342, -0.0014065785, 0.99999899][-0.0021497137; -0.0013758889; 0.0014336889][0.05103007; 0.09036611; 0.99460042]
2--------------------
plane[0.05103007; 0.09036611; 0.99460042]
[1.0000001, 2.1932068e-05, 0.00063742313;
  -2.2809692e-05, 0.99999905, 0.0014064485;
  -0.00063737342, -0.0014065785, 0.99999899]
[-0.0021497137, -0.0013758889, 0.0014336889]
rrrrrrrrrrrrrrrrrrrrrrrrr
 6.50931e-07  4.64876e-07 -2.73844e-06
      -1.495    0.0178874 -8.85579e-05
Newone
[1.0035794, -0.00097679044, -1.5488051;
  0.00065171986, 1.000324, -0.062487666;
  1.997593e-06, 4.7613347e-07, 1]
[0.99999791, -0.0018189502, -0.0011716664;
  0.001818545, 0.99999833, -0.00029055739;
  0.0011721503, 0.00028846617, 0.9999994][0.0023777708; -0.0017646168; -0.00013321979][0.93314409; 0.29076305; -0.21142176]
[0.99999893, 0.00051898829, -0.0015468999;
  -0.00051888346, 0.99999988, 0.00012194669;
  0.001546932, -0.0001211026, 0.99999893][-0.0027661459; -0.00086367771; 0.0006228257][-0.8017627; 0.59587085; 0.045985848]
[0.99999893, 0.00051898829, -0.0015468999;
  -0.00051888346, 0.99999988, 0.00012194669;
  0.001546932, -0.0001211026, 0.99999893][-0.0027661459; -0.00086367771; 0.0006228257][-0.8017627; 0.59587085; 0.045985848]
3--------------------
plane[-0.8017627; 0.59587085; 0.045985848]
-5.27045e-06 1.32205e-05 -0.00250368
  -0.226614    0.156764 0.000953334
Newone
[0.99801266, -0.00055708177, -0.36978659;
  0.00018155127, 0.99930173, 0.092722408;
  -5.4564742e-07, -3.8998618e-07, 1]
[0.99999964, -0.00037288363, 0.00045140387;
  0.00037278901, 0.9999997, 0.00021317764;
  -0.00045152416, -0.00021301489, 0.99999964][-0.0027390718; -0.00013645343; 0.00037273217][0.44205421; 0.021839788; 0.89672232]
[0.99999738, -0.00037291832, -0.0021718596;
  0.00037309597, 0.9999997, 8.2434766e-05;
  0.0021718382, -8.3248851e-05, 0.99999738][-0.0012213074; -6.1268758e-05; -0.002482885][0.98956484; 0.048953362; -0.135517]
[0.99999964, -0.00037288363, 0.00045140387;
  0.00037278901, 0.9999997, 0.00021317764;
  -0.00045152416, -0.00021301489, 0.99999964][-0.0027390718; -0.00013645343; 0.00037273217][0.44205421; 0.021839788; 0.89672232]
3--------------------
plane[0.44205421; 0.021839788; 0.89672232]
[0.99999964, -0.00037288363, 0.00045140387;
  0.00037278901, 0.9999997, 0.00021317764;
  -0.00045152416, -0.00021301489, 0.99999964]
[-0.0027390718, -0.00013645343, 0.00037273217]
rrrrrrrrrrrrrrrrrrrrrrrrr
-1.37662e-06 -1.45368e-06  0.000761631
   -2.04304   -0.457696 -0.00140765
Newone
[1.0034293, 0.00019239982, -1.9012271;
  0.00053421123, 1.0021576, -0.43342122;
  1.0672904e-06, 1.0140182e-06, 1]
[0.99999982, -0.00052898395, 0.00020555813;
  0.0005289996, 0.99999994, -0.00024922384;
  -0.00020551559, 0.00024935554, 0.99999988][0.0023148919; -0.00053870946; 0.0016413894][0.46680316; 0.17213173; -0.86744767]
[0.99999672, 0.00012027972, -0.0025635022;
  -0.00012048552, 1.0000001, -6.4756568e-05;
  0.00256343, 6.50851e-05, 0.9999966][0.0013511846; 0.00049786165; -0.0025039022][0.8020643; -0.18657987; 0.56734532]
[0.99999982, -0.00052898395, 0.00020555813;
  0.0005289996, 0.99999994, -0.00024922384;
  -0.00020551559, 0.00024935554, 0.99999988][0.0023148919; -0.00053870946; 0.0016413894][0.46680316; 0.17213173; -0.86744767]
4--------------------
plane[0.46680316; 0.17213173; -0.86744767]
-1.26316e-06 -2.22092e-06   0.00088603
   -0.747092      -0.1959 -0.000578925
Newone
[0.99799591, -0.00032453187, -0.55940014;
  0.00028754785, 0.99958003, 0.021390764;
  1.0915517e-08, -1.715236e-06, 1]
[0.99999702, 0.00077130413, -0.0021521761;
  -0.00077063899, 0.99999946, 0.00018809868;
  0.0021521505, -0.00018645864, 0.9999975][-0.0017337813; 0.0011126345; -0.0022617541][0.94863915; 0.31574517; 0.019713819]
[0.99999923, -0.00083342096, -4.2460455e-05;
  0.00083370978, 0.99999905, 0.00092372397;
  4.1512321e-05, -0.00092382444, 0.99999946][-0.0029021003; -0.0009660928; -6.2958337e-05][0.56751883; -0.36411411; 0.73847347]
[0.99999923, -0.00083342096, -4.2460455e-05;
  0.00083370978, 0.99999905, 0.00092372397;
  4.1512321e-05, -0.00092382444, 0.99999946][-0.0029021003; -0.0009660928; -6.2958337e-05][0.56751883; -0.36411411; 0.73847347]
4--------------------
plane[0.56751883; -0.36411411; 0.73847347]
[0.99999923, -0.00083342096, -4.2460455e-05;
  0.00083370978, 0.99999905, 0.00092372397;
  4.1512321e-05, -0.00092382444, 0.99999946]
[-0.0029021003, -0.0009660928, -6.2958337e-05]
rrrrrrrrrrrrrrrrrrrrrrrrr
