14
0.87749 -0.3403 42.9825 -0.32776 0.82048 81.5522 -0.00067132 -0.0018488 1.2727
25
184 74 177 82
184 81.5 177 89
187 70 180 76
187 74 180 80
187 76 180 82
187 80.5 180 86
187 84.5 180 90
188 86.5 181 92
189 72 182 77
189 74.5 182 80
189 79 182 84
189 81 182 86
190 68 183 74
190 94 183 99
191 72 184 77
191 74 184 79
191 79 184 84
191 81 184 86
192 90 185 95
194 66.5 187 71
194 68 187 73
194 70.5 187 75
195 82 188 86
195 87 188 91
198 79 191 82
0.76658 -0.0011406 -9.1499 -3.4207 1.0078 179.4287 -0.0096656 -0.00019869 1.535
6
44.5 335.5 24 352
45 326 24 342
46 347 25 364
48 332 27 348
51.5 338.5 31 355
56 334 36 350
-5.4088 -7.2413 1759.8592 -3.3466 -3.1042 956.6507 -0.03891 -0.046006 11.9312
7
166 87 158 89
166 94 158 96
166 96 158 98
166 98 158 100
166 100 158 103
180 91 173 98
202 73.5 195 76
1.1754 0.088658 -41.924 -0.047933 1.0868 8.7993 0.0008564 0.00052697 0.82733
12
160 39 152 45
162 30 154 34
163 36.5 155 41
166 37 158 40
173 44.5 165 42
184 26.5 177 30
184 32 177 36
186 21.5 179 23
190 33.5 183 36
195 23 188 24
200 30 193 31
200 34 193 35
0.8893 -0.052527 27.2962 -0.025454 0.98889 9.5222 -0.00055192 -0.00023429 1.1628
20
261 43 255 45
262 47 256 49
263 39 257 41
265.5 47 260 49
267 50 261 52
269 43 263 45
270 47 264 49
270 50 264 52
271 39 265 41
271 43 265 45
275.5 50 270 52
276.5 43 271 45
276.5 46 271 48
283 49 278 51
285 39 280 41
287.5 39 282 41
289 39 284 41
289 43 284 45
289 46 284 48
291 49 286 51
1.0725 -0.21714 -16.746 0.026078 0.96437 -5.3074 0.00014215 -0.00063704 0.98714
38
307 54 302 56
307 58 302 61
307 61.5 302 64
312 48.5 307 50
316 33.5 311 35
317 47 312 48
318 63 313 63
319 100.5 314 104
321 25.5 316 27
321 58 316 56
326 64.5 321 60
328 23 324 25
329 25.5 325 28
329 27.5 325 30
332 26 328 28
332 28 328 30
337 23 333 24
338 33 334 35
338 35.5 334 38
342 43.5 338 46
342 50.5 338 53
344 34.5 340 36
344 37.5 340 39
345 47 341 49
345 56.5 341 59
345 65 341 67
345 66.5 341 69
348 50.5 344 52
348 54.5 344 57
349 61 345 63
349 65 345 67
349 67 345 69
349 81.5 345 84
349 91.5 345 94
350 94.5 346 97
350 101 346 104
351 51 347 52
352 69 348 71
-0.51697 0.080293 238.5788 -0.9631 0.96152 164.669 -0.0096003 0.00052541 2.5601
16
161 56 153 61
161 60.5 153 65
161 64 153 68
164 54.5 156 58
164 56.5 156 60
164 59.5 156 63
164 61 156 64
164 65.5 156 68
164 67.5 156 70
165 70 157 72
167 51 159 54
168 66 160 68
170 56 162 57
171 67.5 163 68
171 71.5 163 72
174 62 166 59
0.79507 -1.8621 140.398 -0.45448 0.24427 135.8875 -0.0012102 -0.010566 1.8457
17
180 67.5 172 61
180 70 172 63
181 46 174 57
181 47.5 174 58
182 51 175 61
182 54 175 63
182 64 175 73
186 56 179 63
186 57.5 179 64
186 62 179 69
186 63.5 179 70
188 59.5 181 65
190 55 183 60
190 59.5 183 65
190 63.5 183 69
194 59.5 187 64
197 56.5 190 60
1.1156 -1.2829 500.1691 -0.020952 0.10361 422.6664 -2.6752e-05 -0.0021316 1.9203
29
439.5 406.5 446 434
464.5 425 473 456
466.5 428 474 459
474.5 424 485 455
479 424 490 455
492 423 503 454
492 426 503 457
496 422 507 453
496 426 507 457
498 422 509 453
498.5 426 510 457
502 422 513 453
502 426 513 457
504.5 422 516 453
512 425 528 455
513 422 529 452
518.5 421 535 451
522 421 538 451
530.5 421 547 451
530.5 424 547 454
539 420 557 450
541 419 560 449
543 419 562 449
577 421 600 451
578.5 423 601 453
581.5 425 604 455
586 407 609 436
589.5 420 613 450
595 414 619 444
1.2152 -0.41503 42.1963 0.14784 0.73868 31.7418 0.00028168 -0.00090221 1.1647
38
472 312 479 327
473 294 480 309
475 304 482 319
480 308 487 323
482 320 489 335
482.5 301.5 490 317
484 311 491 326
484 321 491 336
487 305 494 320
489.5 327 497 343
492.5 323 500 339
493 333 501 350
503 342.5 513 361
513 349.5 523 368
514 319 524 336
514 330 524 348
514 341.5 524 360
520 335 530 353
521 323.5 531 340
521.5 354 532 373
524 342.5 534 361
527.5 344.5 538 363
527 379.5 542 402
529 376 544 398
538.5 374.5 554 397
539 379 554 401
541 379 556 401
546 349 559 369
546.5 378.5 562 401
547.5 372.5 563 395
549 362 564 384
553 354 566 374
553 379 569 402
554 366 569 388
555 381 571 404
558 358 573 380
558 383 574 406
564 363 579 385
0.95309 0.32236 -15.4775 -0.10832 1.1574 24.591 -0.00015702 0.0010442 0.96764
20
308 81 303 85
308 90 303 94
312 58.5 307 60
312 60.5 307 62
312 63.5 307 65
312 66.5 307 69
312 70 307 72
312 81 307 84
314 87.5 309 91
314 89.5 309 93
318 70 313 72
318 82 313 85
318 86 313 89
318 96.5 313 100
322 76 317 78
322 79 317 81
322 82.5 317 85
322 84.5 317 87
324 82.5 319 85
327 79.5 322 81
1 -1.4525e-15 -6 1.0528e-15 1 2 2.2054e-17 -3.0095e-18 1
16
225 44 219 46
228 41 222 43
228 51 222 53
231 51 225 53
232 44 226 46
234 40 228 42
234 44 228 46
234 51 228 53
235 48 229 50
237 51 231 53
238 40 232 42
243 47 237 49
243 51 237 53
246 40 240 42
247 51 241 53
249 51 243 53
1.0203 -0.053767 -12.494 -0.022091 0.97779 2.2896 -0.00080102 -0.00038063 1.0915
29
65 41.5 49 39
66 59 50 57
67 23 51 21
67 69 51 67
68 85.5 52 84
69 44 53 41
69 99.5 53 98
70 68.5 54 67
70 93 54 92
71 85.5 55 84
72 95.5 56 94
72 97.5 56 96
84.5 35.5 72 35
86 36 74 36
88 37 76 37
99 30 87 30
99 34 87 34
100 43 88 43
103 26.5 91 26
104 38 92 38
106 67 94 67
107 22.5 95 21
107 26.5 95 25
107 30.5 95 29
107 79 95 79
108 45 97 45
111 49 100 49
126 22.5 116 21
127 47 117 47
1.9028 -0.21024 -160.3841 -0.010713 0.94372 2.6287 0.0054358 -0.0013063 0.08318
9
169 33.5 161 34
172 21 164 21
172 23.5 164 23
172 29.5 164 29
178 30 170 29
178 35.5 170 34
180 27.5 172 26
181 32 173 30
181 36 173 34
