9
1.0763 0.0032 0.0000 -0.0567 1.0679 -0.0002 -2.7873 -16.8898 1.0631
344
157.42 384.85 144.35 396.45
134.32 430.15 117.85 449.16
137.87 429.11 121.27 448.33
145.86 405.06 131.73 419.07
153.85 388.68 140.76 400.31
57.61 324.48 40.94 328.68
167.97 394.51 155.09 407.12
46.06 359.03 26.68 366.50
145.41 384.94 132.40 396.35
144.00 387.14 131.01 398.47
59.61 344.94 42.14 350.45
164.09 364.14 152.09 373.21
173.27 359.00 162.10 366.28
54.81 318.65 38.04 322.80
176.59 335.90 166.41 340.87
138.78 399.63 124.85 413.07
112.00 307.59 99.01 308.63
38.64 426.06 13.91 443.97
206.45 342.44 199.14 348.01
121.07 404.82 106.52 420.75
97.12 423.99 77.45 441.87
87.45 341.11 70.98 346.58
69.68 335.18 53.09 339.88
64.71 326.74 48.05 331.21
223.99 416.55 217.69 432.98
188.06 411.19 177.55 426.39
62.75 370.57 43.13 379.53
121.32 430.07 105.20 448.21
96.34 354.49 81.38 360.84
70.80 385.89 51.87 396.91
100.37 350.91 85.71 357.45
38.13 367.37 18.68 374.96
149.51 369.15 136.81 379.71
207.99 373.23 200.84 383.03
270.72 385.69 267.12 396.33
246.12 351.66 240.38 357.88
115.41 339.54 103.21 345.22
115.73 315.53 103.06 317.43
169.80 329.27 160.08 333.30
118.10 427.90 102.13 445.65
60.00 337.94 43.10 342.76
122.00 382.94 106.80 394.05
63.37 360.63 43.91 368.79
114.99 317.22 102.05 319.46
175.19 318.91 166.03 321.91
98.08 314.74 83.95 316.96
164.90 338.56 154.83 343.33
211.94 422.34 204.43 439.25
39.57 431.67 14.56 449.72
156.58 394.11 143.20 406.40
149.90 374.98 137.09 385.92
158.08 355.03 146.97 362.22
115.49 364.99 102.15 372.23
191.41 444.01 179.91 465.74
170.73 372.83 158.16 383.18
123.94 348.62 111.65 355.14
118.81 326.85 106.58 330.26
230.03 347.15 223.99 353.12
190.07 392.05 180.80 403.42
55.27 345.22 37.91 350.61
175.18 394.34 164.61 407.10
37.60 416.94 14.98 434.18
180.76 385.49 170.75 396.86
185.63 436.74 173.55 457.48
67.07 359.86 47.64 368.00
221.84 394.44 215.46 407.63
203.06 382.53 196.03 392.92
176.20 331.56 166.43 335.74
175.09 405.92 163.80 420.36
126.00 424.83 109.77 443.24
164.18 340.79 153.91 346.07
165.99 356.30 154.95 363.33
194.93 354.31 186.21 360.90
192.39 355.17 183.35 361.90
162.03 361.29 150.76 368.73
136.99 378.97 124.08 390.06
122.99 324.89 110.92 328.14
116.33 394.22 100.47 405.32
190.27 356.13 181.09 362.94
224.00 372.69 218.12 382.40
43.74 406.32 20.67 422.02
108.47 329.38 95.49 332.74
202.38 455.44 192.65 478.26
116.74 375.49 101.27 386.53
176.72 403.93 165.57 417.91
121.60 324.49 109.41 327.82
234.93 390.22 229.52 401.07
127.07 349.99 115.04 356.68
69.07 378.54 50.74 389.15
196.96 375.36 187.93 385.64
116.02 357.83 103.21 364.53
194.09 332.79 184.22 337.76
203.86 397.42 194.66 410.83
133.59 271.24 123.22 269.53
103.75 380.09 88.46 391.17
226.16 379.96 220.21 390.16
249.38 393.68 244.50 407.28
186.40 403.61 175.85 417.75
115.89 418.74 99.97 436.23
92.06 328.45 76.09 332.53
201.82 436.50 192.97 457.89
139.24 351.25 127.68 358.29
197.80 393.02 188.57 404.76
199.81 385.93 191.26 396.65
200.00 455.14 189.75 477.88
155.60 396.51 142.02 409.26
224.68 381.48 218.47 391.71
97.21 429.15 77.48 447.05
75.70 345.12 58.76 350.34
234.67 422.85 227.74 439.27
83.52 334.68 67.03 339.37
47.01 330.87 30.02 335.27
210.70 358.47 204.07 365.44
179.13 406.17 168.09 420.78
162.06 345.66 151.41 351.83
77.48 360.81 58.15 368.86
200.82 316.77 192.86 318.41
51.96 372.73 31.87 381.63
130.20 350.05 118.09 356.78
129.49 415.87 113.63 433.45
155.44 417.38 140.23 434.42
56.51 328.99 39.73 333.51
155.48 426.64 141.30 445.83
95.74 338.20 80.19 343.59
57.16 316.58 40.44 320.68
217.57 354.99 211.50 361.31
46.99 351.19 28.78 357.31
177.53 364.60 165.67 373.61
103.99 313.60 90.08 315.67
208.71 399.11 200.72 412.71
219.84 360.35 213.31 367.49
86.02 349.41 70.07 355.47
96.41 321.70 82.10 324.16
165.72 389.12 152.57 401.12
185.96 331.40 176.13 335.72
218.90 410.46 212.64 426.48
113.34 345.41 100.09 351.80
195.17 403.52 185.25 417.68
161.93 341.48 151.70 346.69
191.32 431.76 180.53 452.14
115.14 388.23 99.66 399.28
153.47 347.27 142.40 354.30
255.26 351.66 249.79 357.83
53.08 369.44 33.29 377.81
217.51 399.00 210.57 412.75
137.58 404.63 123.40 418.70
88.67 427.05 68.95 444.85
182.24 314.21 173.21 317.02
178.52 320.54 169.18 323.86
259.51 377.36 255.29 387.56
190.35 369.73 180.16 379.46
214.51 397.48 207.38 410.62
95.66 336.01 79.80 340.83
67.00 333.10 50.41 337.72
185.45 318.99 176.24 322.12
96.31 340.56 80.91 346.24
92.73 436.73 73.26 455.28
211.41 386.91 204.26 397.49
102.59 383.17 87.25 394.28
55.46 354.83 36.35 362.16
143.25 346.82 131.64 353.71
53.90 362.26 34.25 370.39
61.31 376.72 41.51 386.52
74.57 368.11 55.62 377.29
117.53 410.28 101.92 427.59
149.28 353.42 138.07 360.61
118.61 410.60 102.84 427.87
50.65 389.61 28.72 401.00
153.72 363.27 142.13 371.30
265.66 367.42 262.11 377.15
235.23 376.05 229.11 386.16
131.89 411.44 116.26 428.54
134.18 413.39 118.47 430.70
63.67 390.38 44.40 401.83
246.71 384.33 242.18 394.61
134.18 398.77 120.35 411.96
248.27 369.88 243.31 379.72
124.90 370.00 111.88 380.83
31.76 432.36 6.61 450.40
173.73 383.88 162.81 395.36
107.99 426.14 88.42 444.00
145.21 393.33 132.04 405.07
74.42 369.60 55.94 379.13
181.93 427.94 171.01 447.15
98.60 436.02 78.86 454.15
133.44 407.73 117.96 424.56
244.02 382.36 239.11 392.59
113.26 437.72 96.19 458.04
190.55 315.50 181.54 318.27
175.67 426.26 164.23 444.87
241.49 419.10 234.97 435.56
134.70 385.66 121.69 396.83
166.01 384.94 152.96 396.71
238.11 387.10 232.37 397.46
265.39 351.90 261.80 358.38
177.09 380.31 166.51 391.49
258.11 369.23 254.03 379.13
178.44 432.53 166.81 452.25
85.49 357.22 69.66 363.67
143.34 401.04 129.29 414.72
195.97 383.27 187.37 393.95
45.88 355.14 26.91 362.05
231.03 360.03 225.13 366.94
40.28 338.97 23.95 342.69
162.63 400.65 149.14 413.52
93.98 370.58 77.79 381.06
216.42 386.92 209.60 397.48
244.61 365.59 239.28 375.28
198.20 423.45 188.54 440.63
121.49 412.88 105.77 430.18
132.25 385.42 119.11 396.58
34.07 336.21 18.07 339.37
234.34 366.29 228.55 375.98
212.47 431.63 206.89 449.51
36.41 321.36 18.01 326.61
135.70 357.48 124.02 364.43
158.55 403.00 144.70 416.49
267.57 362.81 264.12 371.94
237.25 357.87 231.48 364.42
265.10 382.22 261.49 392.73
38.69 318.53 20.43 323.49
256.66 380.02 252.31 390.26
37.85 360.20 18.61 367.30
166.94 380.22 154.00 391.66
73.31 326.34 56.76 330.85
195.96 424.55 186.09 442.59
96.07 388.12 79.92 399.16
129.99 331.92 118.64 335.90
119.39 365.36 105.63 375.86
191.26 401.24 181.08 415.04
94.95 389.42 78.70 400.54
220.80 386.40 214.28 396.83
88.03 436.74 68.29 455.00
43.07 375.15 20.75 386.19
240.93 365.56 235.54 375.23
99.39 408.98 80.27 426.64
104.12 408.61 86.91 426.10
232.22 390.87 226.46 401.91
31.33 380.60 8.85 391.85
163.65 417.37 151.12 434.69
97.66 362.65 81.99 369.67
102.64 408.73 84.86 426.25
109.83 404.47 93.18 419.48
40.07 390.97 16.02 404.21
95.00 362.43 79.11 369.42
102.55 445.21 85.59 465.72
125.86 410.02 110.15 427.25
143.62 398.00 129.68 411.48
30.31 325.38 10.61 331.75
39.10 379.31 16.53 390.62
81.89 437.39 61.73 455.78
163.40 354.65 152.45 361.53
191.86 425.07 181.38 444.14
129.80 363.70 118.21 370.74
244.04 389.61 239.71 400.08
204.27 416.88 195.64 433.78
51.15 360.57 31.54 368.53
108.28 438.80 91.09 459.29
200.87 423.92 191.65 441.50
377.76 347.00 381.53 353.15
173.11 462.36 168.78 454.84
211.78 277.74 205.45 275.72
205.16 290.19 198.40 288.92
213.39 299.69 208.19 299.71
205.17 370.77 197.95 380.40
213.31 298.19 208.01 298.10
223.53 292.69 218.43 292.33
195.61 301.56 187.82 301.88
221.96 287.14 216.88 286.52
234.43 324.94 229.00 327.90
202.62 269.76 196.52 266.71
183.12 302.09 175.12 302.71
133.66 307.55 123.61 308.74
154.83 278.65 146.03 277.23
193.34 302.45 185.35 303.09
151.71 328.26 142.04 332.14
142.12 284.26 131.84 283.23
147.97 290.25 138.68 289.88
216.47 319.84 211.45 322.36
179.66 284.35 172.35 283.52
208.52 305.96 203.02 306.45
210.82 322.34 205.72 325.41
172.26 277.80 164.63 276.41
216.11 338.71 210.27 344.09
173.82 291.64 166.18 291.18
216.55 351.80 210.32 358.02
139.02 325.54 129.00 329.11
131.48 307.85 120.81 308.98
179.17 271.86 172.35 269.69
216.12 325.35 211.16 328.58
207.92 308.64 202.71 309.44
143.66 314.45 133.74 317.22
190.69 285.07 183.32 284.22
151.62 307.09 142.47 308.23
214.66 328.63 209.21 332.54
143.27 300.85 133.67 301.12
186.60 303.73 178.53 304.49
194.27 309.37 186.07 310.47
144.37 336.21 135.07 341.15
222.60 269.68 217.29 267.05
180.12 288.02 172.78 287.31
150.60 341.78 139.97 347.84
143.56 268.13 133.83 265.87
220.39 269.11 214.72 266.37
175.59 277.89 168.02 276.42
130.74 297.58 119.07 297.63
181.05 300.15 172.99 300.86
165.09 283.07 156.49 282.07
227.43 332.32 222.04 337.48
166.88 285.04 158.50 284.04
133.08 281.77 122.47 280.61
179.34 298.38 171.25 299.07
215.47 367.13 209.37 376.66
165.74 314.45 156.73 317.21
160.25 290.36 151.40 289.69
172.42 297.62 164.18 298.38
166.37 301.12 157.24 302.08
191.02 294.90 183.27 294.90
237.07 338.45 231.65 343.94
126.39 294.75 114.91 294.55
162.27 322.23 152.89 325.55
183.78 311.94 175.27 313.70
189.68 301.14 181.60 301.92
154.25 286.32 145.34 285.44
227.66 264.80 222.42 261.63
194.24 290.11 186.93 289.35
228.50 364.45 222.74 373.85
168.22 305.63 159.84 306.86
155.93 269.28 146.97 267.01
184.91 267.62 178.15 265.22
131.27 320.32 120.06 322.99
156.77 296.04 147.52 296.25
205.95 363.09 199.28 372.20
119.61 305.53 107.03 306.08
238.24 410.20 231.58 426.60
242.73 410.45 236.29 426.93
249.05 402.91 243.78 419.19
249.18 399.64 244.05 415.88
244.00 416.33 237.41 432.89
262.73 397.41 259.21 413.01
272.13 372.06 268.69 382.03
248.14 366.96 243.04 376.69
257.80 392.71 253.44 406.07
236.63 405.57 230.06 421.79
0.8400 -0.0571 -0.0005 0.0423 1.0851 0.0001 79.2952 8.8838 1.2486
329
441.71 28.51 445.05 14.81
422.69 33.59 425.72 20.10
410.80 24.16 411.61 12.54
409.53 25.89 410.29 14.30
433.17 52.87 436.75 40.31
431.93 58.42 435.51 47.82
433.03 46.41 436.52 32.97
406.90 42.29 407.68 30.90
397.48 58.21 397.54 47.17
432.84 83.21 436.33 73.54
400.17 48.78 400.54 37.71
434.48 148.46 437.80 141.98
434.79 220.32 438.24 217.05
433.38 153.33 436.73 146.93
400.27 68.51 400.98 57.19
399.54 72.29 400.23 61.15
431.60 34.55 434.93 20.86
435.09 134.87 438.38 128.18
382.19 64.25 381.19 53.91
433.32 60.22 436.94 50.30
378.48 75.40 377.36 65.20
401.13 78.24 401.91 67.23
414.18 46.91 415.95 35.14
432.31 135.32 435.65 128.87
403.50 78.26 404.25 67.31
443.25 154.88 446.61 148.59
446.37 153.97 450.16 146.92
430.84 48.30 434.30 34.97
419.35 61.47 422.22 49.43
432.96 121.83 436.36 117.67
429.38 37.03 432.75 23.41
422.22 61.02 425.55 47.70
490.98 242.99 499.74 242.02
424.72 78.04 428.12 66.92
439.85 77.20 443.38 68.16
423.77 91.98 427.10 83.06
389.10 70.88 388.92 60.17
421.18 76.93 424.12 64.85
431.13 61.15 434.74 50.90
422.49 62.53 425.82 49.60
439.82 78.45 443.34 69.65
445.01 73.00 448.92 62.70
424.84 111.47 428.13 104.53
445.33 222.11 448.87 220.16
481.57 284.17 490.30 286.12
445.83 99.95 449.67 90.06
408.32 88.57 409.19 79.70
455.65 28.40 459.72 14.78
591.00 282.35 613.84 301.80
445.77 176.82 449.51 169.91
576.60 296.03 599.16 316.51
408.70 88.21 409.55 79.52
411.48 54.42 412.26 43.01
575.71 51.19 599.67 28.75
414.48 52.95 416.83 41.11
442.95 141.44 446.21 135.09
444.95 126.26 448.74 118.34
409.70 120.06 410.34 111.46
445.81 113.94 449.63 104.50
443.90 144.06 447.18 137.58
414.72 70.00 417.02 59.89
413.65 17.24 414.94 4.80
412.94 49.98 414.75 38.21
414.15 45.79 415.85 33.98
400.65 86.62 401.44 76.81
407.98 91.50 408.85 82.75
495.25 20.05 504.66 5.23
415.92 48.03 418.06 35.95
459.11 229.91 463.79 226.28
396.17 79.04 396.52 68.78
449.42 91.55 453.25 81.41
477.17 263.71 485.53 265.17
443.92 145.72 447.20 139.09
444.74 67.47 448.66 57.25
573.61 276.71 596.11 296.62
391.44 55.72 390.96 44.96
583.33 301.45 605.93 323.48
433.93 133.47 437.18 126.49
537.48 283.57 551.42 287.54
504.44 239.96 513.92 239.04
463.23 45.31 469.34 31.30
461.59 35.18 467.50 21.03
453.14 22.98 457.18 9.25
577.01 322.38 599.76 334.88
480.05 263.56 488.64 265.23
449.29 49.72 453.17 36.96
451.71 22.16 455.59 8.46
463.72 33.56 469.68 19.34
503.95 276.81 513.16 278.75
449.53 86.28 453.36 75.92
530.39 246.29 543.93 247.67
576.96 27.70 601.03 4.70
465.25 16.82 470.83 2.65
450.37 121.89 454.19 112.97
450.08 81.51 453.97 71.00
481.05 242.02 489.78 244.04
415.64 83.13 417.64 72.07
409.57 108.82 410.31 100.23
479.82 199.62 488.55 198.21
448.65 112.15 452.46 104.02
539.48 273.51 553.79 277.09
609.56 322.05 634.25 333.24
597.00 261.88 620.14 285.88
502.95 54.89 512.27 39.77
446.91 84.69 450.78 74.36
421.87 102.40 424.82 93.70
453.04 120.23 456.91 113.38
596.62 277.47 619.51 300.78
422.02 105.29 424.96 96.64
502.95 52.36 512.29 36.72
502.87 217.08 512.26 213.18
608.38 308.50 633.04 319.80
453.50 81.87 457.47 72.72
511.70 110.60 523.08 97.54
464.66 214.23 470.76 211.11
499.22 37.31 508.63 22.96
456.30 21.78 460.40 8.12
594.53 322.81 617.45 334.43
465.43 195.32 471.82 190.96
445.39 78.40 449.27 68.23
605.38 307.53 629.35 318.95
462.20 30.16 467.52 16.15
455.98 78.84 460.03 69.63
569.85 326.09 591.45 337.96
486.82 249.88 495.53 252.69
465.18 193.98 471.51 189.50
525.60 279.69 538.40 283.80
480.29 251.96 488.94 254.63
481.61 228.34 490.21 230.73
517.50 171.22 529.74 165.46
472.67 230.87 480.89 231.00
508.53 51.38 518.63 36.99
423.50 122.20 426.70 116.22
473.17 277.94 481.15 279.32
514.38 279.95 525.49 283.44
416.67 82.37 418.85 72.75
531.65 229.84 550.50 230.76
496.09 249.18 504.94 251.91
567.22 316.37 589.04 330.25
449.11 67.45 453.01 55.63
519.20 71.89 530.81 59.42
445.95 139.63 449.75 132.31
527.07 237.31 540.72 238.21
608.92 298.56 634.09 309.48
463.00 129.06 468.77 119.37
526.63 70.71 539.19 49.59
606.38 244.95 631.13 263.02
452.26 34.16 456.16 20.55
519.62 113.13 531.95 100.80
500.17 195.89 509.13 189.46
529.35 228.35 542.98 227.66
539.14 245.17 554.60 247.96
604.47 323.29 628.42 334.08
537.89 246.53 552.77 248.45
513.48 235.07 524.22 240.98
459.77 129.95 464.86 124.81
461.88 192.82 467.89 188.18
537.21 267.93 552.06 271.28
507.00 201.85 516.51 195.57
599.78 262.50 622.95 286.36
520.86 284.93 532.30 288.10
518.02 160.39 529.63 154.38
511.18 288.41 521.49 292.66
513.23 105.95 524.41 94.08
486.90 220.83 495.64 222.93
507.61 63.14 517.71 51.04
582.31 276.85 605.14 296.62
515.74 277.31 527.18 279.99
414.71 74.64 416.95 64.35
450.95 140.63 454.75 132.98
511.69 48.39 522.91 34.34
520.59 238.65 533.48 240.11
421.19 115.60 424.07 108.18
444.31 88.55 448.15 78.56
540.16 247.67 554.93 250.36
487.50 216.94 496.19 218.58
475.50 205.25 484.05 203.71
496.15 252.57 504.96 254.54
457.79 122.08 462.14 116.71
459.94 210.58 464.87 207.09
464.63 134.59 470.36 124.70
508.84 201.04 518.32 195.17
491.64 252.45 500.31 251.57
460.94 228.10 465.75 224.19
509.70 104.78 519.62 93.38
524.95 90.19 537.36 78.72
464.40 145.97 470.13 137.20
465.33 147.66 471.13 139.57
530.67 108.90 543.21 97.53
454.32 85.57 458.39 78.18
568.27 322.05 589.99 335.40
507.79 267.45 517.15 270.13
477.02 225.20 485.34 224.82
478.59 256.12 487.06 258.45
518.78 35.91 531.25 21.93
479.40 212.68 488.03 213.32
458.51 237.00 463.13 235.32
606.32 298.84 630.52 311.51
508.93 90.83 518.84 77.47
510.92 54.29 521.92 39.50
540.68 62.91 557.09 43.41
596.14 300.11 618.88 320.94
605.07 285.64 629.08 302.90
510.37 271.75 521.02 274.29
519.88 271.45 532.36 275.06
455.45 146.71 459.58 141.70
507.06 125.78 516.73 117.10
595.79 277.22 618.73 300.32
505.40 77.58 515.37 64.94
513.09 99.95 524.05 88.24
461.18 75.05 466.25 63.90
519.03 21.10 532.13 6.27
464.64 225.97 470.30 222.29
520.28 83.22 532.06 71.88
600.14 290.85 623.01 311.83
460.08 229.56 464.80 225.84
542.89 45.71 561.19 26.22
514.02 196.22 525.11 190.85
421.60 117.84 424.43 110.27
539.27 281.75 552.82 285.11
456.38 209.06 460.91 204.21
527.29 83.38 539.63 72.24
523.48 38.78 537.07 21.70
477.27 44.16 480.01 30.04
501.07 207.10 510.18 202.01
475.86 196.08 484.54 193.99
597.10 297.69 619.90 317.66
608.95 283.04 634.34 295.94
483.41 219.67 492.07 221.59
512.25 29.87 523.68 15.44
452.20 76.70 456.11 67.61
515.78 155.22 527.53 149.08
517.91 60.36 529.74 46.35
508.55 253.32 517.99 256.41
599.65 292.75 622.48 313.47
526.59 114.14 538.88 101.04
503.16 101.89 512.43 90.20
572.95 17.31 578.88 21.16
535.77 164.15 549.68 157.22
510.33 148.10 520.39 142.87
408.99 65.23 409.77 54.01
469.40 208.84 476.49 205.19
515.05 219.93 525.71 216.79
534.92 193.96 548.37 189.79
512.96 263.87 524.13 266.15
521.02 210.97 532.26 206.28
520.50 262.74 532.89 265.69
533.92 165.73 548.51 158.48
512.63 212.88 523.41 208.75
453.90 139.90 457.75 134.00
542.73 298.77 557.18 304.53
594.33 294.03 617.10 314.77
533.85 161.78 548.64 155.01
518.22 101.20 529.85 89.75
505.53 181.44 514.91 175.89
512.75 149.30 524.39 142.85
526.80 289.34 539.83 292.68
507.12 100.80 517.01 89.80
525.23 251.18 538.83 253.02
514.86 253.59 526.16 255.99
595.48 294.34 618.25 314.95
519.94 55.48 532.10 40.57
526.05 291.83 539.17 296.11
534.16 155.61 549.14 148.76
507.99 257.30 517.39 258.28
505.49 85.50 515.38 72.44
458.71 164.24 463.42 156.68
453.21 81.00 457.15 70.92
473.15 238.18 481.39 237.65
607.22 282.29 632.05 297.06
518.33 57.25 530.17 42.76
515.77 43.97 527.57 29.85
520.25 95.39 532.01 83.83
524.56 222.33 539.09 221.63
519.64 207.74 530.70 202.97
537.27 31.92 552.67 15.79
516.68 139.05 528.66 131.89
517.21 53.14 529.04 38.66
518.98 229.77 530.17 227.98
490.18 212.57 498.98 212.67
532.09 166.45 546.62 159.65
531.28 168.18 546.48 161.06
530.22 289.52 543.53 293.23
524.26 268.13 537.51 271.57
516.79 140.69 528.65 133.57
466.56 202.96 473.03 199.40
514.70 127.24 526.14 114.56
522.69 244.73 536.22 245.84
451.04 203.69 454.85 198.21
518.05 203.76 529.05 198.44
472.94 213.28 481.31 211.38
526.86 182.47 540.31 176.88
528.19 140.73 543.05 132.28
538.07 126.38 553.46 113.03
509.54 135.76 519.31 128.14
506.74 46.98 516.74 32.34
537.27 258.88 551.98 261.90
539.60 253.79 554.50 256.95
525.38 166.56 538.58 160.40
522.64 250.39 536.00 252.07
514.82 125.38 526.47 113.17
474.67 42.15 477.81 29.27
461.14 61.66 466.74 48.03
530.54 105.51 543.12 94.40
511.38 45.33 522.34 30.75
507.26 209.69 516.88 204.91
535.46 171.00 550.05 162.56
449.29 64.82 453.22 55.43
456.97 71.73 461.07 62.18
604.08 325.28 627.80 336.00
464.33 163.82 470.38 156.37
457.00 276.38 461.05 274.97
462.35 280.18 467.71 279.76
453.19 223.20 456.96 219.79
463.25 267.77 468.31 266.67
459.59 283.61 464.44 282.89
453.85 231.95 457.60 228.68
456.07 229.64 460.48 225.64
446.73 289.81 450.74 288.68
486.12 292.56 494.86 294.71
470.17 280.05 477.85 281.30
469.77 292.07 477.16 293.36
468.74 282.01 474.79 282.04
475.04 290.20 483.21 292.00
491.40 281.87 500.22 283.72
508.04 294.17 517.34 296.26
504.06 293.99 513.21 295.99
501.15 287.57 510.21 289.96
514.05 301.20 524.89 304.44
1.2553 0.4981 0.0011 -1.3800 -1.2468 -0.0047 559.3997 891.2167 2.8536
13
285.51 428.07 281.91 432.94
211.96 459.97 205.87 455.42
212.04 461.88 206.39 457.77
270.98 463.69 267.22 459.54
262.07 454.08 260.18 451.34
264.80 454.14 261.03 450.86
265.99 458.57 262.21 454.24
270.25 455.97 266.76 453.30
239.35 457.15 233.82 458.46
252.26 454.90 251.27 454.50
251.33 447.56 251.65 447.75
293.01 430.02 289.29 432.02
227.63 465.06 222.25 464.09
1.0921 0.0267 0.0002 -0.0118 1.0264 -0.0001 -20.4723 -15.4691 0.9767
574
109.49 281.61 97.92 281.17
118.80 282.95 107.36 282.45
165.24 175.24 158.13 167.27
109.04 251.00 97.33 249.62
110.51 256.07 98.82 254.72
131.60 273.32 121.10 271.88
142.10 224.43 133.05 220.81
111.18 278.86 99.63 278.37
115.13 270.51 103.63 269.56
141.02 250.21 131.92 247.07
156.02 225.92 148.33 221.33
62.54 310.87 45.79 314.98
142.02 244.01 132.94 240.73
132.48 268.55 122.20 266.72
119.49 257.68 107.90 256.75
93.38 318.36 79.00 320.84
121.96 269.14 110.56 268.16
165.54 176.51 158.40 168.64
92.99 314.14 78.77 316.38
163.18 211.06 156.30 205.71
84.70 321.76 69.41 325.00
122.65 250.78 111.50 249.26
193.04 150.64 187.14 141.19
156.11 203.25 148.65 197.60
185.41 204.56 178.90 198.89
126.24 260.41 115.42 258.84
144.67 234.67 135.75 231.09
97.05 271.35 85.17 270.40
136.63 171.50 126.94 160.94
125.19 224.88 113.89 218.82
61.97 306.91 45.14 310.85
83.23 291.11 70.15 291.75
145.32 251.66 136.25 248.52
33.59 313.96 14.95 319.29
193.48 143.32 187.56 133.96
135.30 175.76 125.67 164.45
80.11 320.12 64.10 323.99
77.41 271.30 62.93 270.30
193.69 144.59 187.79 135.29
147.65 249.97 138.63 246.79
193.63 147.01 187.72 137.58
98.11 210.70 85.90 203.04
191.01 143.42 185.00 133.85
81.79 305.97 67.69 307.83
92.68 277.56 80.80 277.05
141.88 210.81 132.65 205.51
89.93 277.29 77.80 276.87
49.26 310.12 32.20 313.85
188.22 143.18 182.02 133.25
131.06 165.17 121.24 153.49
182.03 138.08 175.50 132.81
130.14 236.37 120.57 233.20
128.30 237.27 117.33 234.18
130.03 233.30 120.68 230.03
190.13 164.24 183.89 155.60
88.67 263.73 75.96 261.94
78.44 305.11 62.33 308.78
147.50 228.12 138.77 224.28
124.39 227.19 113.02 220.50
99.52 257.95 87.62 256.33
129.22 205.40 119.89 199.05
148.79 236.82 140.00 233.20
85.87 276.09 73.36 275.82
125.77 218.59 114.31 211.01
163.42 200.16 156.50 194.30
83.72 255.96 70.51 254.79
149.91 194.48 140.95 185.36
20.90 317.34 1.31 323.43
81.67 256.44 68.23 254.91
203.64 118.84 198.06 110.78
226.81 165.89 222.03 158.78
195.47 89.95 189.70 80.94
223.23 159.61 218.21 152.54
222.86 144.07 217.81 136.70
200.69 182.96 195.21 176.16
202.31 56.64 196.44 48.25
176.39 85.71 169.81 76.45
210.02 182.12 204.69 175.28
230.06 127.57 225.20 119.36
191.90 74.25 185.93 65.29
182.80 89.18 176.47 80.23
189.04 75.96 183.04 66.96
213.46 172.73 208.15 165.67
186.36 78.54 180.26 69.53
176.17 201.31 169.55 195.78
259.04 159.40 254.95 152.17
223.79 114.22 218.79 106.31
197.48 74.19 191.62 65.39
203.47 72.42 197.65 63.55
183.29 77.19 177.02 68.06
207.84 64.03 202.09 55.51
195.14 78.38 189.28 69.41
209.66 101.42 204.05 92.47
210.00 102.65 204.41 94.00
192.21 54.35 186.16 46.26
194.52 102.24 188.83 93.28
189.07 70.98 183.04 61.99
196.34 99.47 190.69 90.70
195.46 93.02 189.71 84.01
205.62 147.12 200.12 139.45
141.09 217.09 131.97 213.32
181.16 181.00 174.50 174.73
205.30 145.28 199.84 137.69
165.71 184.80 158.65 177.69
189.44 66.88 183.32 57.55
191.95 55.68 185.97 48.69
204.86 97.06 199.18 88.06
213.73 141.26 208.37 133.38
245.56 167.04 240.85 159.89
213.57 142.43 208.23 134.56
211.06 121.88 205.59 114.09
189.40 65.20 183.27 55.85
195.93 107.70 190.28 99.37
193.15 81.96 187.25 72.90
227.18 57.76 222.15 48.36
208.94 91.99 203.29 83.07
203.20 72.48 197.37 63.77
205.21 108.93 199.66 100.96
203.41 76.87 197.60 67.85
203.23 80.43 197.43 71.49
209.93 114.07 204.39 106.25
211.26 83.64 205.70 74.41
230.79 121.81 225.91 113.50
227.09 68.59 222.12 59.90
213.20 158.08 207.88 150.76
241.69 91.10 236.76 82.64
212.48 156.22 207.12 148.73
167.94 154.07 160.75 146.74
173.89 175.83 166.95 168.02
211.32 86.90 205.77 77.76
199.69 130.25 194.12 122.23
226.74 108.73 221.81 100.49
173.74 143.01 166.90 137.10
221.85 81.58 216.66 72.94
227.90 133.20 223.07 124.91
236.34 87.82 231.35 79.17
226.01 133.90 221.16 125.72
234.32 96.11 229.38 87.47
239.20 150.66 234.39 142.69
221.84 136.72 216.74 129.15
238.84 154.69 234.02 147.24
171.21 141.74 164.15 134.76
171.27 140.42 164.25 133.72
219.41 70.30 214.11 61.59
219.28 180.12 214.19 173.16
229.08 86.76 224.04 77.89
210.01 111.19 204.49 103.38
235.34 61.12 230.39 52.56
212.96 80.87 207.37 71.76
235.19 105.78 230.27 97.33
170.21 165.16 163.10 157.56
180.01 152.55 173.29 146.21
156.83 124.16 149.25 117.30
237.22 84.93 232.23 76.37
233.01 66.05 228.04 57.27
236.68 105.29 231.77 96.93
229.94 76.07 224.91 67.32
167.78 139.41 160.41 131.97
209.22 72.44 203.53 63.61
145.51 185.49 136.80 180.72
197.59 78.14 191.76 69.22
217.72 72.56 212.24 63.78
188.09 120.62 182.12 110.68
185.79 199.18 179.24 193.48
198.20 148.59 192.65 140.90
227.73 76.36 222.71 67.59
220.17 125.68 214.92 117.76
152.48 131.10 144.61 124.53
217.32 74.80 211.87 66.06
196.28 61.72 190.37 53.34
175.87 117.71 169.00 111.23
229.91 89.67 224.89 81.02
169.50 169.84 162.35 162.06
232.82 69.02 227.84 60.20
224.80 73.83 219.76 65.11
175.66 116.34 168.81 110.02
257.08 115.47 252.54 107.09
187.69 153.99 181.40 145.84
179.06 138.21 172.35 132.02
232.89 70.61 227.89 61.93
261.68 117.18 257.41 108.94
220.70 150.33 215.59 142.89
165.74 128.10 158.30 121.54
178.03 139.80 171.26 133.20
188.26 118.12 182.31 108.47
221.80 148.12 216.71 140.41
196.55 135.10 190.89 127.02
231.99 141.88 227.18 133.52
178.15 123.70 171.46 117.86
226.01 59.87 221.03 50.92
188.73 175.84 182.32 169.36
191.00 117.82 185.29 109.83
186.36 131.59 180.25 123.11
239.60 145.72 234.81 137.52
178.31 122.35 171.63 116.02
185.89 106.77 179.88 97.82
224.50 115.51 219.58 107.63
193.96 158.81 188.18 151.04
178.07 159.73 171.28 153.08
244.34 121.61 239.51 113.42
248.49 108.93 243.68 100.86
133.89 205.96 124.72 201.35
188.60 177.86 182.16 171.23
232.57 143.95 227.78 135.75
191.90 111.73 186.22 103.79
245.08 159.20 240.30 151.96
185.44 162.94 178.88 154.90
261.10 119.55 256.85 111.33
182.55 144.53 175.97 138.34
247.62 131.27 242.86 123.41
244.24 144.32 239.46 136.17
180.97 105.41 174.26 96.30
251.24 132.84 246.54 124.91
190.65 179.99 184.33 173.79
233.32 145.59 228.53 137.26
242.44 144.81 237.67 136.71
192.89 180.50 186.87 174.12
184.43 70.11 178.18 60.76
244.97 129.59 240.15 121.46
143.01 200.30 133.87 195.66
186.40 188.71 179.87 182.81
215.37 86.09 209.90 77.26
185.63 135.53 179.41 127.76
247.96 90.18 243.06 81.78
159.60 162.89 152.13 155.17
144.64 212.61 135.67 208.67
248.87 74.21 243.97 65.95
258.22 90.98 253.80 82.59
153.10 151.77 145.19 144.29
253.75 120.13 249.11 111.97
251.39 121.01 246.62 113.05
214.92 56.91 209.29 47.85
160.74 161.28 153.40 154.09
219.79 164.04 214.73 156.87
250.72 137.45 245.99 129.75
245.24 71.33 240.29 62.92
220.85 90.39 215.56 82.12
214.91 93.49 209.35 84.76
144.09 216.85 135.04 212.88
150.93 211.33 142.22 206.97
262.27 101.16 258.02 92.90
131.05 199.94 121.84 194.95
129.67 219.73 120.70 216.44
255.92 99.93 251.32 91.47
241.93 77.95 236.94 69.43
255.85 103.05 251.20 94.62
107.06 207.83 94.98 201.73
104.83 176.88 92.59 170.71
104.05 163.40 91.74 156.58
107.40 209.46 95.30 203.28
103.03 176.42 90.83 170.25
118.38 189.20 106.81 183.62
107.11 170.13 94.86 163.74
94.91 159.56 82.48 152.81
115.11 191.57 103.08 186.28
89.46 191.80 76.87 185.98
78.93 185.50 64.11 180.43
81.96 179.61 68.86 173.69
92.49 229.17 80.22 226.33
87.35 178.01 74.63 171.10
116.85 199.70 104.85 193.14
91.23 177.04 78.52 170.42
113.98 203.99 101.90 197.81
117.18 230.00 106.02 235.31
96.98 196.27 84.88 191.73
121.15 227.46 109.89 223.41
114.15 160.38 101.81 151.73
69.72 288.83 53.19 292.06
117.44 162.82 105.57 155.02
69.53 282.74 52.94 286.01
97.12 220.99 84.77 216.06
150.74 122.09 142.66 113.85
114.87 220.08 102.99 216.33
99.30 242.36 87.64 241.62
91.42 234.24 79.32 232.88
85.62 233.92 72.02 230.39
87.48 169.91 74.60 161.74
100.88 218.55 88.94 214.07
96.10 207.01 83.78 202.82
59.06 300.51 42.10 304.38
96.89 229.94 84.65 226.93
77.45 292.42 61.38 295.61
66.20 303.19 49.34 307.10
63.58 276.82 46.61 280.75
93.59 204.71 81.13 200.63
72.06 270.14 55.36 273.22
51.52 243.76 33.84 242.01
50.85 249.41 33.24 248.26
53.20 254.50 35.70 252.97
63.00 266.65 45.83 268.13
95.42 210.28 83.03 206.19
86.86 240.22 73.43 237.98
86.99 244.05 73.56 243.07
95.06 239.78 82.93 237.49
95.57 235.35 83.54 234.83
116.98 239.85 105.39 238.82
70.27 302.68 53.58 306.58
118.53 218.87 106.91 215.08
74.83 210.06 59.84 206.42
116.29 238.55 104.79 238.19
78.03 279.17 62.05 282.23
91.40 228.30 79.17 225.84
73.37 210.28 58.21 206.47
64.02 256.91 46.60 255.80
140.07 142.60 130.47 134.51
79.45 166.15 65.64 161.00
56.98 285.23 40.10 290.19
67.76 216.11 49.99 212.46
75.23 263.33 58.29 261.79
73.10 213.66 57.94 209.91
126.49 190.17 115.13 181.85
47.50 197.39 29.23 192.23
68.00 299.24 51.15 303.05
128.21 241.94 117.36 239.79
91.53 224.46 79.16 220.76
80.92 237.70 66.73 234.17
43.91 197.86 25.73 193.62
42.87 206.66 24.80 203.82
83.38 181.85 70.39 175.91
68.00 259.93 50.87 260.26
89.25 218.49 76.93 215.01
50.65 197.06 32.50 193.11
79.08 200.10 64.27 195.82
65.24 300.29 48.33 304.17
31.84 218.12 12.77 218.93
73.38 299.40 57.05 303.01
75.34 301.82 59.14 305.44
76.68 276.15 60.31 279.27
51.88 201.23 33.87 198.23
50.69 193.86 32.44 188.95
51.49 262.16 34.03 262.35
119.03 221.93 107.57 219.55
43.91 206.94 25.84 204.01
74.37 246.67 57.38 244.92
64.47 261.86 47.25 264.19
69.15 203.13 51.77 198.91
55.23 287.59 38.43 293.10
89.99 212.27 77.61 208.35
38.60 263.09 20.66 263.50
88.62 188.83 75.97 182.54
34.98 252.91 16.62 254.95
63.88 210.51 45.99 207.31
49.56 275.03 32.70 281.89
22.86 243.10 2.00 243.24
24.71 242.88 3.98 242.97
75.93 220.88 61.12 217.88
79.38 213.14 64.89 209.74
30.50 266.97 10.01 269.01
33.77 236.08 15.01 238.61
87.72 157.65 74.86 151.05
71.17 231.80 54.02 229.68
83.44 240.33 69.72 237.27
75.06 229.36 60.16 225.87
31.04 204.93 12.01 201.54
83.74 237.22 69.94 234.21
54.79 208.41 36.85 206.42
114.11 149.85 101.68 138.67
34.34 237.75 16.00 240.43
41.68 287.11 24.39 292.81
32.12 278.55 12.06 282.67
42.53 216.30 24.77 216.84
51.14 205.11 33.06 201.16
30.16 259.68 9.86 260.99
46.97 226.50 29.14 224.98
122.28 201.18 110.60 193.00
37.63 221.87 19.72 222.74
40.45 215.14 22.67 216.00
87.24 246.03 73.92 244.95
64.89 193.81 46.79 188.46
22.37 270.50 1.74 273.45
113.45 153.47 101.18 146.40
77.07 248.66 62.55 246.22
27.52 198.04 7.58 194.88
83.29 214.16 69.27 209.72
27.62 227.54 7.06 228.20
39.04 191.97 20.76 187.33
73.84 251.62 56.83 250.26
38.88 195.05 20.55 190.18
33.99 222.65 15.72 223.94
45.84 227.54 27.99 225.68
45.48 251.11 28.15 253.10
25.17 198.28 4.93 195.12
69.11 259.06 51.93 258.40
35.67 211.53 17.21 208.93
41.52 233.01 23.57 231.81
107.46 287.52 95.78 287.20
223.60 205.67 218.84 198.97
211.52 263.83 205.53 260.46
104.61 298.04 92.68 297.96
106.50 299.61 94.53 299.59
198.05 191.77 192.50 185.14
176.83 218.87 170.06 213.63
96.30 290.14 84.39 289.90
175.27 216.71 168.49 211.44
164.84 223.45 157.65 218.53
240.41 201.66 235.83 194.96
113.41 294.89 101.69 294.73
201.06 265.79 194.90 262.73
210.04 226.51 204.71 221.25
162.46 231.26 155.11 226.47
202.85 198.83 197.30 192.29
177.53 235.97 170.60 230.99
179.10 261.12 172.43 257.99
103.73 302.54 91.60 302.65
216.27 221.01 210.99 215.79
218.94 258.06 213.02 254.46
171.51 257.80 164.33 254.44
219.57 221.65 214.31 216.34
119.00 295.91 107.25 295.81
176.97 227.22 170.18 222.05
198.22 203.86 192.60 197.41
187.75 215.16 181.32 209.55
112.78 304.25 100.38 304.66
187.05 214.98 180.63 209.36
187.79 213.03 181.35 207.38
139.50 266.32 129.69 264.07
190.96 212.95 184.79 207.06
215.71 232.11 210.31 227.12
200.85 205.36 195.23 198.92
193.36 226.70 187.44 220.92
228.76 205.67 224.10 199.03
242.02 211.94 237.24 205.91
207.65 190.02 202.25 183.22
179.65 266.21 172.88 263.65
202.89 206.14 197.36 199.64
179.82 239.28 172.90 234.38
216.96 238.41 211.46 233.59
199.78 215.12 194.20 208.96
173.03 248.52 165.82 244.21
89.41 292.33 77.07 292.35
215.99 241.55 210.41 236.92
135.99 262.03 126.27 259.64
162.66 242.59 155.12 238.04
190.36 253.64 184.03 250.10
201.92 234.36 196.59 229.41
147.93 256.78 138.94 253.71
154.07 250.91 145.23 247.57
193.97 267.86 187.45 265.30
187.26 222.23 180.95 216.63
176.28 247.57 169.23 243.16
173.53 262.40 166.34 259.49
232.96 244.23 227.29 240.01
154.76 257.82 145.97 254.64
160.83 238.23 153.30 233.62
189.80 238.84 183.47 233.96
163.74 238.23 156.26 233.60
154.25 244.09 145.93 240.14
184.54 266.13 177.81 263.53
222.37 242.42 216.79 237.88
132.87 257.84 123.46 255.06
228.20 228.03 222.96 222.79
204.90 256.18 198.94 252.55
141.90 258.07 132.67 255.15
158.30 265.04 149.55 262.25
200.95 241.57 195.43 236.86
212.90 250.35 207.20 246.05
156.87 242.14 149.02 237.82
248.78 205.62 244.16 199.05
261.29 201.17 257.12 194.44
190.35 206.18 184.10 200.21
213.48 249.42 207.78 245.19
253.70 48.25 249.19 38.63
240.88 44.07 235.78 34.36
268.86 109.27 264.68 100.99
242.37 47.45 237.29 37.85
247.58 49.81 242.43 40.17
243.08 58.27 238.08 48.88
268.48 179.56 264.52 172.46
256.63 165.86 252.14 158.70
253.55 163.06 248.91 155.88
280.76 166.70 276.78 159.41
268.78 184.47 264.79 177.38
259.12 173.53 254.81 166.42
259.82 172.52 255.59 165.40
277.47 176.71 273.49 169.57
266.17 178.28 262.21 171.18
262.70 171.22 258.66 164.10
268.69 150.48 264.58 142.67
277.60 137.66 273.53 129.53
272.46 144.51 268.38 136.32
272.85 124.07 268.72 115.88
265.21 138.05 261.13 130.24
257.26 153.68 252.99 146.11
133.29 42.81 123.41 32.60
160.20 63.35 152.30 53.29
162.47 66.62 154.71 56.53
166.68 25.34 159.28 15.22
167.06 26.91 159.77 16.88
136.53 38.56 127.12 28.33
195.39 37.01 189.32 26.98
198.89 29.57 192.83 19.30
175.48 73.95 168.78 64.53
152.76 47.86 144.65 38.19
141.22 39.92 132.30 30.05
158.51 38.30 150.53 28.76
167.39 72.42 160.16 62.73
148.89 72.33 140.60 62.20
173.23 32.57 166.20 22.20
141.40 43.68 132.59 33.77
168.38 46.56 161.16 36.91
160.14 32.20 152.24 22.88
134.09 52.18 124.27 41.50
207.11 30.29 201.19 19.99
147.12 42.86 138.84 33.37
147.54 27.40 139.22 17.96
208.44 45.71 202.63 35.84
172.32 97.37 165.21 87.98
179.88 19.07 173.24 8.42
142.83 48.09 134.11 38.14
210.16 27.17 204.32 17.19
144.35 73.00 135.72 62.94
163.29 97.36 155.59 87.40
177.40 35.01 170.68 25.28
118.18 48.15 107.89 37.27
169.32 59.64 162.18 50.00
174.15 53.02 167.17 42.84
175.53 103.56 168.59 94.71
170.42 59.75 163.36 50.20
127.31 11.78 117.06 1.35
137.69 33.51 128.52 24.01
130.80 73.82 120.74 62.85
155.89 85.61 148.02 75.83
221.35 49.21 216.18 39.69
137.75 69.61 128.69 59.12
152.94 79.06 145.09 69.14
155.86 84.44 148.01 74.68
180.88 68.97 174.44 59.47
142.51 60.28 133.77 49.82
168.36 85.95 161.22 76.61
155.92 87.65 148.02 77.85
141.29 63.02 132.52 52.45
170.53 64.40 163.53 54.99
224.68 49.21 219.55 39.66
154.24 82.06 146.41 72.26
166.81 59.24 159.48 49.53
205.79 15.03 199.86 4.71
125.84 81.70 115.82 70.96
179.88 52.83 173.22 42.63
128.90 83.14 118.88 72.37
174.91 64.26 168.08 54.82
177.87 52.77 171.13 43.29
153.63 73.99 145.68 63.96
161.30 18.98 153.51 8.89
221.74 16.63 216.49 6.80
180.63 40.25 174.08 30.37
187.93 47.74 181.74 38.25
163.62 51.56 155.91 41.66
187.97 46.42 181.77 36.74
122.59 35.74 112.37 25.35
207.15 17.34 201.23 7.00
178.31 43.03 171.67 33.46
156.45 71.18 148.57 61.17
224.02 49.44 218.93 39.89
135.68 94.24 125.68 83.03
137.96 106.16 128.07 96.24
185.31 48.21 179.02 38.51
184.78 51.05 178.42 41.42
184.05 45.13 177.68 35.00
219.49 35.13 214.13 25.37
227.28 40.33 222.14 30.65
132.04 23.20 122.05 13.75
144.66 82.36 135.33 72.27
147.79 101.23 139.26 91.62
181.94 29.28 175.43 18.92
132.53 99.53 122.52 87.99
185.89 33.15 179.58 23.16
164.79 102.03 157.09 92.03
136.76 96.97 126.77 85.74
123.96 92.02 113.95 81.00
184.24 43.68 177.89 33.57
138.35 56.93 129.35 46.32
142.19 93.44 132.85 82.73
277.26 187.68 273.20 180.69
267.56 195.42 263.51 188.49
0.9894 -0.0133 -0.0001 -0.0019 1.0184 -0.0000 0.5931 -6.1953 1.0433
214
403.64 33.78 404.39 22.64
369.31 71.16 367.78 60.98
370.02 59.06 368.70 48.74
371.75 56.31 370.50 45.97
401.37 19.72 402.18 8.96
378.38 77.64 377.26 67.44
390.12 51.44 389.67 40.60
376.51 63.56 375.26 53.22
398.81 105.27 399.57 96.85
407.12 104.81 407.96 96.01
348.18 53.19 345.62 42.42
407.90 124.18 408.59 116.68
408.95 122.07 409.65 114.28
396.95 93.01 397.36 84.86
403.15 95.50 404.01 86.36
398.03 136.79 398.40 129.63
375.68 91.31 374.36 81.28
393.23 81.45 393.28 71.24
455.79 17.36 459.89 3.62
265.85 76.16 261.59 67.65
267.89 95.79 263.68 87.37
258.05 69.06 253.80 60.49
248.47 71.48 243.61 63.16
337.70 14.01 334.77 3.58
335.92 85.46 332.94 76.51
327.85 87.07 324.82 78.14
325.88 26.10 322.77 15.67
332.69 20.67 329.68 10.36
237.01 34.62 231.94 24.92
303.32 32.97 299.55 23.36
328.26 113.52 325.12 105.14
331.55 30.85 328.54 20.48
371.99 36.94 370.83 27.02
362.27 31.53 360.36 21.68
357.27 36.51 355.20 26.41
334.79 23.14 331.78 12.95
326.65 40.06 323.51 29.56
346.20 85.16 343.38 76.12
326.62 38.07 323.48 27.61
357.19 67.20 355.06 57.68
305.97 28.46 302.18 18.88
346.34 36.31 343.79 26.30
349.11 82.91 346.46 73.89
346.22 28.03 343.70 17.77
255.22 23.58 250.62 13.90
288.05 27.95 283.95 18.33
333.30 52.19 330.27 41.48
391.73 31.72 391.35 21.18
382.68 55.65 381.80 45.21
277.89 107.33 273.74 99.05
362.08 21.84 360.19 11.92
377.38 19.86 376.37 9.88
369.88 26.62 368.63 16.82
351.85 32.04 349.39 21.86
350.17 75.48 347.57 66.38
334.61 53.46 331.59 43.04
326.92 59.80 323.87 50.03
372.46 32.06 371.31 22.13
301.76 42.77 297.94 33.15
350.23 64.84 347.66 55.30
362.16 72.15 360.27 62.47
332.21 42.86 329.18 32.51
346.76 72.74 344.03 63.61
350.49 41.81 347.98 31.70
333.16 64.76 330.21 55.65
318.12 30.21 314.85 20.57
300.61 42.76 296.80 33.14
337.27 104.11 334.16 95.66
310.79 47.24 307.29 37.57
355.99 16.34 353.94 5.94
271.17 22.44 266.95 12.85
271.16 20.48 266.95 10.90
352.17 73.71 349.64 64.58
282.73 23.09 278.55 13.51
363.09 44.91 361.17 35.08
350.04 40.59 347.54 30.54
257.01 46.05 252.61 36.37
260.01 44.19 255.64 34.52
327.16 70.52 324.16 61.29
343.51 70.96 340.76 61.81
319.43 83.57 316.28 74.40
259.83 33.54 255.35 23.89
362.67 91.11 360.94 81.58
385.08 26.57 384.41 16.67
269.18 40.56 264.88 30.93
284.88 103.51 280.76 95.19
355.83 53.16 353.62 43.36
296.43 45.57 292.67 35.92
316.37 104.69 313.07 96.15
333.28 68.64 330.35 59.61
355.84 54.69 353.63 44.92
319.09 104.43 315.83 96.02
334.66 68.56 331.73 59.50
332.55 81.14 329.61 72.18
366.61 88.04 364.94 78.43
363.22 84.43 361.45 74.91
343.57 66.46 340.81 57.14
277.96 43.82 273.65 34.16
318.50 18.28 315.27 8.71
318.68 19.60 315.44 9.98
332.01 73.80 329.07 64.77
323.00 94.55 319.85 85.82
308.74 89.37 305.29 80.82
316.25 87.38 313.06 78.38
342.25 61.90 339.52 52.43
366.04 80.48 364.26 70.93
368.89 44.24 367.55 34.12
372.26 105.19 370.99 96.81
358.17 46.44 356.11 36.50
365.92 102.39 364.22 93.27
315.57 59.31 312.31 50.18
371.19 102.82 369.92 95.10
233.09 20.76 227.97 10.94
300.05 54.18 296.36 44.56
307.89 54.17 304.35 44.57
276.39 46.49 272.05 36.87
335.86 69.94 332.93 60.88
305.22 55.64 301.66 46.31
359.32 105.02 357.45 96.06
263.85 33.81 259.41 24.14
331.73 76.58 328.79 67.58
317.39 40.18 314.05 30.59
359.62 103.49 357.76 94.58
352.30 15.63 350.04 4.95
365.05 114.80 363.25 107.11
318.87 57.47 315.62 47.74
310.02 113.00 306.57 104.46
289.26 109.26 285.16 100.99
323.76 66.46 320.73 57.45
315.03 118.77 311.66 110.47
282.98 94.05 278.85 85.72
344.69 79.10 341.87 70.01
283.36 92.37 279.18 84.03
283.57 111.03 279.42 102.76
278.14 12.48 274.02 3.01
301.85 61.85 298.31 53.26
314.55 68.05 311.27 59.01
279.14 99.20 274.99 90.91
309.94 75.60 306.65 66.60
284.81 39.77 280.50 30.14
317.55 67.56 314.36 58.37
370.87 122.06 369.66 114.41
322.14 66.54 319.01 57.06
319.05 117.96 315.75 109.66
288.40 63.24 284.32 54.86
306.36 72.40 302.93 63.24
387.89 12.51 387.47 2.35
319.31 55.37 316.03 45.32
290.97 54.78 287.51 45.16
358.20 138.15 356.47 130.91
267.98 73.27 263.73 64.65
301.75 110.58 298.10 102.23
337.39 98.44 334.28 89.54
290.91 85.17 286.69 76.56
303.40 83.76 299.91 74.87
358.10 136.48 356.35 129.14
385.21 105.21 384.45 96.20
306.85 15.86 303.22 6.30
302.29 98.61 298.70 90.23
337.48 38.84 334.54 28.76
283.76 16.07 279.76 6.55
301.61 63.64 298.07 54.88
273.09 66.18 268.92 57.18
297.81 108.11 294.11 99.80
278.22 63.22 273.99 54.11
374.96 143.05 373.79 137.22
302.15 80.82 298.69 71.93
291.34 97.07 287.28 88.76
297.05 93.97 293.54 85.62
272.80 63.64 268.52 54.54
359.49 59.03 357.40 49.20
300.62 92.38 297.02 84.03
252.77 55.87 248.32 46.17
296.28 89.25 292.64 80.92
278.17 79.21 273.89 70.46
355.85 125.78 353.99 119.26
306.93 105.98 303.34 97.68
383.36 103.23 382.35 94.44
291.30 58.90 287.66 50.34
349.86 77.37 347.20 68.26
304.31 118.33 300.73 110.08
290.73 66.35 286.77 58.16
283.20 74.07 278.89 65.37
308.15 98.92 304.63 90.47
296.31 74.83 292.83 65.83
284.61 70.49 280.24 61.87
298.79 69.88 295.28 61.05
283.71 59.85 279.45 51.30
292.55 71.79 288.83 63.01
303.36 127.26 299.88 118.85
322.79 123.34 319.57 114.97
338.66 118.68 335.60 110.19
338.67 117.49 335.61 109.08
336.25 115.30 333.16 106.97
335.22 136.38 332.27 128.06
335.38 128.26 332.38 119.89
341.14 125.11 338.23 116.70
334.30 123.82 331.25 115.40
289.87 117.70 285.79 109.37
358.33 117.94 356.42 108.96
372.64 125.73 371.39 116.52
338.58 130.86 335.65 122.39
380.15 139.29 379.08 130.51
375.03 128.39 373.81 119.77
347.83 132.94 345.11 123.53
344.20 131.15 341.52 122.12
331.87 129.06 328.88 120.69
306.76 120.01 303.16 111.63
347.62 125.79 344.91 116.99
345.40 150.48 342.76 142.21
345.27 145.54 342.65 137.05
349.89 117.06 347.25 107.30
229.19 36.94 224.04 27.21
225.64 37.22 220.45 27.54
0.9751 -0.0278 -0.0002 0.0048 1.0352 0.0000 7.7203 -2.3473 1.0779
174
430.50 222.88 433.95 219.63
434.76 189.93 438.16 183.90
433.29 157.24 436.66 150.75
423.34 171.01 426.20 163.72
426.41 223.87 429.81 220.81
435.22 215.35 438.74 212.21
435.20 210.33 438.71 207.57
435.83 199.84 439.26 194.47
435.68 207.18 439.13 202.59
433.13 200.06 436.62 194.90
433.09 174.22 436.47 167.18
421.83 217.20 424.62 213.58
441.92 192.12 445.35 186.51
451.54 176.44 455.32 169.19
446.29 179.64 450.10 173.16
426.71 155.47 430.00 149.22
449.73 187.46 453.50 181.01
426.82 184.67 430.16 176.15
420.63 210.94 423.25 207.00
423.26 157.63 426.10 150.53
409.51 154.78 410.30 147.93
417.02 212.80 419.62 208.96
424.04 201.89 427.29 196.85
449.84 197.05 453.64 191.24
401.70 159.33 402.49 151.84
417.27 161.03 419.54 152.70
448.23 199.19 452.03 193.58
413.31 164.33 414.15 157.95
411.28 148.13 412.08 142.20
448.49 184.84 452.26 178.72
450.61 202.55 454.36 196.86
412.54 149.91 413.29 143.71
394.69 169.09 394.81 163.53
372.59 150.28 371.34 143.57
282.42 115.82 278.29 107.51
428.05 250.73 431.46 248.43
439.64 274.65 443.27 273.17
435.29 253.72 438.79 251.40
443.35 268.52 446.96 266.90
298.76 179.56 295.32 172.45
325.86 177.65 322.87 170.65
305.24 171.68 301.85 164.56
339.73 184.96 336.90 178.10
347.57 184.13 344.88 177.38
432.95 261.25 436.43 259.18
434.65 244.56 438.07 242.03
366.82 209.85 365.23 203.96
318.51 165.13 315.17 157.93
375.19 165.37 373.82 158.29
365.57 211.50 364.01 205.64
361.27 209.75 359.72 203.85
345.02 178.93 342.30 172.18
318.93 130.06 315.63 121.95
335.67 173.30 332.80 166.31
318.85 169.55 315.54 162.42
317.14 139.63 313.85 131.69
413.35 254.12 415.25 250.82
449.13 274.84 452.93 273.38
428.71 275.61 432.22 274.08
409.70 256.90 411.73 253.78
449.97 275.33 453.77 273.87
366.03 196.95 364.45 190.93
291.35 161.57 287.64 154.17
366.42 163.09 364.78 156.16
376.82 173.90 375.39 166.94
296.06 163.35 292.56 155.98
416.63 226.80 418.49 222.75
361.66 169.52 359.97 162.54
366.71 192.10 365.08 185.96
381.90 216.02 380.87 210.45
417.83 237.91 419.78 234.29
283.52 165.31 279.52 158.01
418.72 261.14 421.49 258.66
335.59 161.03 332.73 153.75
366.76 189.34 365.13 183.22
360.78 174.93 359.09 168.08
300.07 163.10 296.58 155.75
293.60 172.46 289.96 165.32
336.19 163.81 333.32 156.71
376.13 211.86 374.99 206.18
355.37 171.91 353.60 164.75
281.57 181.86 277.58 174.73
433.62 275.14 437.20 273.65
329.37 147.55 326.43 139.69
442.01 205.88 445.49 200.21
369.31 156.63 367.94 150.00
307.10 139.20 303.64 131.01
452.78 272.97 456.56 271.40
365.15 157.11 363.52 150.16
352.68 201.05 350.63 194.72
304.54 163.92 301.04 156.65
391.56 223.86 392.14 219.53
397.07 229.08 397.77 224.84
421.88 225.81 424.42 222.24
420.14 250.14 422.71 247.14
308.03 160.24 304.54 152.91
331.05 167.13 328.15 160.00
415.89 246.66 417.44 242.93
309.52 146.81 306.04 138.81
417.10 247.95 419.11 244.54
322.60 151.69 319.37 144.16
365.99 149.79 364.34 142.51
329.90 135.90 326.92 127.59
350.70 174.85 348.49 168.08
419.91 243.39 422.36 240.21
292.06 121.80 288.01 113.54
380.69 200.84 379.43 195.10
409.16 216.87 410.09 212.29
345.64 165.13 343.02 158.44
307.95 188.41 304.61 181.45
357.00 191.51 355.29 185.37
380.21 202.18 378.96 196.42
382.26 205.06 381.12 199.41
380.96 195.47 379.71 189.50
410.02 214.90 410.96 210.27
326.05 133.46 323.00 125.36
386.52 161.77 385.87 154.60
351.69 190.10 349.45 183.53
306.81 130.12 303.30 121.82
373.72 155.00 372.43 148.17
409.19 171.26 410.09 164.81
401.94 174.22 402.82 167.30
344.04 161.27 341.42 154.70
276.99 133.49 272.87 125.26
299.03 151.76 295.52 143.71
447.80 234.33 451.48 231.70
419.04 242.74 421.28 239.40
398.42 222.93 399.13 218.58
342.70 152.11 340.00 144.63
451.51 235.18 455.22 232.11
455.55 250.67 459.46 248.13
282.77 142.94 278.75 134.65
349.82 151.37 347.42 142.62
280.09 149.96 276.04 142.03
398.12 203.28 398.71 198.93
292.29 147.14 288.69 138.82
398.11 178.32 398.73 172.18
452.75 242.79 456.47 239.96
412.82 173.05 413.70 166.20
303.11 155.38 299.66 148.02
389.56 190.30 389.13 182.99
391.66 208.64 391.97 203.85
398.27 181.67 398.95 176.01
455.40 262.53 459.28 260.61
299.31 134.36 295.84 126.09
394.87 203.55 395.34 199.08
393.24 193.46 393.50 186.37
326.75 205.89 323.58 199.35
445.37 285.41 449.23 284.15
342.38 205.42 339.81 198.90
411.17 249.65 412.07 245.55
338.26 208.49 335.59 201.95
340.04 196.19 337.21 189.40
319.30 207.99 316.11 201.63
403.80 262.26 405.42 259.11
384.00 222.97 383.12 217.53
397.08 244.66 397.81 240.55
312.89 216.02 310.03 210.44
386.75 222.41 385.95 217.00
324.81 217.18 321.85 211.38
289.85 195.82 286.08 188.96
374.06 220.23 373.00 214.69
348.47 225.91 346.00 220.21
388.47 232.25 388.30 227.39
330.81 203.90 327.76 197.17
383.72 228.03 382.93 222.71
286.05 196.71 282.01 189.88
414.62 282.42 417.23 280.34
346.89 220.78 344.47 214.69
432.02 282.18 435.70 280.83
393.74 252.27 394.40 248.28
333.21 220.85 330.52 215.22
305.04 203.09 301.61 196.36
311.63 204.37 308.24 197.68
1.1119 0.0440 0.0003 -0.0095 1.0416 -0.0001 -22.4078 -18.0012 0.9791
108
94.91 143.25 82.31 135.62
89.66 144.51 76.66 136.98
85.79 136.34 72.62 127.17
85.54 145.55 72.54 138.13
114.66 137.13 102.63 128.23
123.86 127.68 113.85 115.03
91.05 149.43 78.07 141.74
89.06 150.60 76.10 143.00
89.43 141.71 76.36 133.69
126.04 124.19 116.00 111.19
88.86 153.98 75.95 146.89
84.70 38.60 70.81 25.36
109.23 36.26 97.54 24.38
91.68 24.03 78.23 10.81
107.43 54.00 94.69 41.58
33.11 17.06 13.05 1.96
108.11 54.98 95.46 42.51
93.62 63.38 80.39 51.02
127.79 28.91 117.61 19.35
92.28 72.80 79.19 61.95
124.87 60.77 114.72 49.77
98.99 44.50 85.86 31.49
94.51 48.69 81.34 35.91
96.90 52.68 83.72 39.75
94.04 41.38 80.87 28.34
134.04 66.85 124.24 55.82
113.09 36.04 102.19 24.76
98.10 73.02 85.00 61.67
97.89 61.91 84.72 49.63
99.79 31.17 86.57 18.14
126.17 72.58 116.10 61.61
100.08 29.46 86.90 16.45
120.81 26.15 110.59 16.39
106.25 71.74 93.24 60.27
97.14 33.84 83.85 20.75
127.15 69.41 117.08 58.42
98.05 64.98 84.90 52.73
95.02 60.98 81.88 48.79
104.97 25.86 92.13 14.21
99.60 61.45 86.37 49.11
111.06 106.48 98.69 98.66
120.48 34.24 110.26 23.79
101.06 112.11 88.73 110.47
91.37 130.21 78.28 122.01
100.97 117.28 88.66 115.48
104.11 124.73 91.79 121.87
91.98 113.48 79.59 111.59
122.84 16.34 112.63 6.92
120.20 22.66 110.00 13.15
99.71 135.99 87.10 128.76
111.25 135.93 98.90 129.47
38.92 32.53 18.93 17.32
109.96 87.14 97.45 78.71
131.25 58.68 121.22 47.84
120.73 70.11 110.65 59.15
89.12 97.42 75.85 88.04
116.68 54.24 105.95 43.04
27.31 33.41 7.34 18.76
110.00 84.35 97.52 74.91
87.82 112.84 74.59 104.34
85.92 129.94 72.82 121.79
110.23 97.91 97.90 93.43
111.07 64.56 98.65 52.50
103.80 117.31 91.41 115.28
84.98 89.53 71.54 79.16
117.20 63.89 105.97 52.53
113.17 83.78 100.91 72.51
80.92 63.89 67.19 51.49
120.14 67.44 110.05 56.44
70.99 33.84 56.68 20.15
140.73 63.85 131.92 53.21
87.00 126.40 73.91 118.60
66.67 32.24 52.23 18.39
79.31 51.65 65.62 38.99
87.11 121.35 73.99 113.29
85.01 91.97 71.63 81.96
120.38 77.13 110.28 66.17
85.62 137.33 72.57 129.77
27.55 52.90 7.85 40.81
121.60 95.17 111.65 84.47
75.09 132.39 60.75 125.17
71.54 30.31 57.18 16.50
89.75 137.47 76.72 129.94
81.99 84.29 68.45 73.30
125.24 101.94 115.35 92.11
75.29 80.52 61.60 69.85
73.99 61.86 60.07 50.01
75.51 61.80 61.67 49.81
80.51 72.20 66.63 56.60
67.97 39.08 53.61 26.02
73.29 93.36 58.90 84.59
123.77 88.29 113.75 77.30
52.99 54.75 40.29 42.65
77.20 72.22 63.19 56.45
79.30 85.05 65.73 73.10
62.29 27.12 48.20 13.35
77.07 129.84 63.70 122.24
78.94 141.06 65.78 134.33
76.52 126.98 62.58 119.53
77.62 150.92 63.43 144.12
75.60 75.96 61.88 66.10
121.72 101.93 111.83 92.60
76.16 140.90 62.03 134.11
22.15 31.38 1.87 16.88
26.69 84.06 6.84 69.56
66.99 81.86 51.46 71.85
74.56 145.07 60.09 138.23
73.16 104.09 58.50 93.74
1.0375 -0.0144 -0.0000 -0.0716 1.0252 -0.0003 8.7970 -1.2876 1.0975
392
279.68 299.93 276.01 300.77
277.67 329.49 273.94 333.02
301.61 411.15 301.50 426.45
279.89 353.34 276.40 360.14
272.51 332.13 268.82 336.18
295.17 290.61 292.45 290.46
276.72 291.70 272.94 291.74
305.07 352.69 303.56 359.63
298.13 307.81 295.59 309.63
309.99 411.66 310.01 427.26
257.07 340.80 252.42 346.35
296.95 385.21 294.05 395.70
270.15 341.71 266.48 347.24
277.81 308.43 274.03 310.10
321.89 384.19 321.61 394.23
254.43 278.18 249.60 277.18
275.15 355.42 271.75 362.26
267.29 291.42 263.47 291.59
244.66 282.35 239.39 281.68
271.49 344.97 267.84 350.77
299.91 411.90 299.71 427.18
322.62 418.46 323.32 434.32
289.89 386.94 286.39 397.36
249.62 337.46 244.30 342.84
268.88 335.54 265.10 340.39
284.26 385.30 280.81 395.84
263.98 348.20 260.22 354.31
261.79 339.17 257.86 344.57
264.86 334.93 261.06 339.50
374.83 328.96 377.42 332.82
357.08 319.44 358.59 321.82
388.67 354.75 392.77 361.35
378.63 337.07 381.67 341.73
384.44 347.46 388.21 353.41
382.44 369.79 387.70 378.95
368.63 345.12 371.74 350.60
395.47 368.45 400.71 377.05
384.31 366.17 389.66 375.02
361.06 326.42 362.91 329.45
360.62 314.46 362.08 316.55
384.95 376.34 390.28 385.90
382.50 366.05 387.80 374.90
368.29 336.74 371.42 341.78
375.08 349.31 378.93 355.69
365.43 384.46 368.08 394.29
248.20 326.31 243.08 329.31
228.82 289.48 223.86 288.94
264.88 303.87 261.12 305.17
267.25 242.10 263.28 238.15
268.00 303.80 264.27 305.12
246.02 233.57 241.29 229.11
252.03 306.66 247.63 307.99
267.93 264.74 263.93 262.14
222.84 309.54 217.87 311.04
283.57 277.29 279.77 275.84
263.20 321.93 259.40 324.80
264.93 247.06 260.95 243.33
259.93 321.96 255.66 324.88
263.86 293.79 259.92 293.93
264.89 298.27 261.03 298.77
277.81 309.53 274.03 311.24
294.87 277.79 291.97 276.33
283.84 285.93 280.11 285.15
245.54 296.10 240.69 296.27
268.36 311.32 264.63 313.25
264.95 315.91 261.12 318.17
243.50 293.35 238.33 293.21
261.69 339.70 257.76 345.05
234.32 256.85 229.11 253.78
248.44 267.38 243.31 265.17
270.04 276.11 266.12 274.48
233.32 317.55 227.90 319.97
245.62 303.32 240.88 304.07
230.78 229.69 225.48 224.46
266.93 326.51 263.11 329.49
242.04 222.18 237.16 216.59
254.53 245.32 249.90 241.54
228.89 263.91 224.05 260.95
258.52 253.78 254.47 250.34
267.23 253.51 263.26 250.15
254.95 214.71 250.37 208.91
253.64 212.65 249.05 206.82
232.01 268.96 227.28 266.80
279.35 270.55 275.48 268.56
240.98 264.98 235.71 262.50
251.12 218.00 246.68 212.36
232.51 243.64 226.88 239.42
243.37 269.17 238.09 267.09
249.49 312.67 244.64 314.76
260.80 263.85 256.75 261.42
266.54 284.12 262.71 283.22
244.10 314.01 238.84 316.20
243.53 314.89 238.19 317.14
272.18 270.20 268.26 268.17
237.80 241.11 232.36 236.87
296.28 212.41 293.25 206.72
333.77 288.87 331.56 288.80
366.32 374.28 369.26 383.75
335.47 302.91 333.45 303.75
346.45 365.15 347.07 374.48
276.23 377.52 272.80 387.67
363.98 366.70 366.92 375.94
453.08 302.60 458.97 303.15
333.06 275.63 331.51 273.56
334.58 329.37 333.37 333.27
285.70 340.00 282.06 345.24
356.14 408.74 359.22 424.17
433.07 288.94 436.90 287.77
315.79 390.33 315.15 402.37
288.77 341.98 285.14 347.65
325.79 300.00 323.53 300.29
334.77 255.82 332.78 251.89
456.25 304.62 462.36 305.31
346.57 401.17 348.51 416.45
394.01 344.91 397.66 350.62
278.80 391.74 275.55 404.09
355.51 344.37 355.72 349.96
428.45 385.30 435.32 396.53
277.36 404.75 274.31 420.46
381.25 321.84 383.26 324.50
262.68 201.35 258.50 194.64
406.61 387.51 414.15 400.18
375.55 378.87 378.88 388.45
340.55 281.18 339.22 278.77
335.44 353.70 334.62 360.13
337.20 372.86 337.54 382.46
336.95 353.94 336.30 360.26
294.21 371.04 291.35 380.82
296.33 407.65 295.04 423.17
341.52 295.99 340.46 295.68
288.67 368.24 285.25 377.82
343.47 341.61 342.91 346.98
290.54 367.76 287.16 377.25
436.68 322.48 440.55 324.90
422.94 335.08 427.08 339.61
300.81 327.70 298.09 331.08
322.96 284.51 320.50 283.57
427.00 313.08 430.32 314.90
418.38 389.20 425.68 401.29
334.09 264.52 332.36 261.31
435.30 304.78 440.07 305.63
354.19 293.00 353.89 291.92
369.95 226.26 368.66 220.63
438.97 346.96 443.71 352.32
300.60 327.73 297.90 331.12
328.53 318.91 326.35 321.22
307.71 319.14 305.51 321.89
441.77 313.67 446.56 315.13
334.73 311.95 332.98 313.50
350.20 321.33 349.09 324.10
370.55 302.27 371.36 303.05
305.39 282.78 302.82 281.50
333.90 253.60 331.89 249.65
315.89 277.86 313.35 276.39
344.50 327.45 343.76 330.99
306.78 316.31 304.51 318.82
447.56 294.58 451.65 293.61
267.33 208.91 263.26 202.65
300.47 400.61 299.38 414.69
322.33 271.12 319.82 269.51
269.00 205.94 264.95 199.40
331.13 262.80 329.29 259.71
307.66 315.77 305.39 318.17
289.06 319.46 285.34 322.13
320.04 308.24 318.08 310.02
374.35 268.99 373.51 266.92
291.55 407.99 288.71 423.63
290.05 301.95 286.66 302.98
440.51 296.55 444.51 295.62
396.67 327.11 399.08 330.50
368.67 253.45 367.28 249.96
287.05 348.42 283.57 354.71
370.83 283.00 370.62 281.95
374.62 362.46 378.54 371.54
330.53 397.01 328.69 412.49
348.61 281.91 347.32 279.01
403.34 313.00 406.24 315.34
317.29 291.78 315.05 291.70
314.93 243.82 312.57 239.49
283.54 243.38 279.70 239.41
450.37 332.77 457.07 337.41
291.23 320.65 287.79 323.50
346.78 335.30 346.57 340.32
328.71 398.32 327.85 413.74
393.74 295.95 394.75 296.70
448.53 365.82 455.61 374.18
305.68 298.23 303.48 298.69
280.39 242.77 276.49 238.78
366.02 314.62 367.63 316.62
401.10 388.14 408.66 400.86
289.30 378.07 285.92 388.02
327.29 398.76 327.08 413.98
344.88 253.99 342.85 249.88
344.23 345.60 343.91 351.11
364.56 395.36 368.45 410.21
401.83 341.30 405.24 346.54
444.63 314.15 449.96 315.69
376.86 312.68 378.31 314.42
387.49 332.86 390.19 336.84
381.55 389.79 385.74 402.39
345.30 265.84 343.47 262.02
409.12 371.58 414.74 380.88
450.37 336.71 457.08 341.42
363.32 358.18 365.65 367.19
412.46 377.45 418.86 388.09
361.20 354.65 362.71 363.30
351.25 257.22 349.41 253.37
314.87 266.63 312.23 264.35
332.38 227.13 329.81 221.88
359.61 359.12 362.01 368.17
358.40 279.70 357.89 278.02
401.24 338.51 404.41 343.17
287.10 285.73 283.43 284.88
339.42 410.76 337.44 426.60
289.90 245.63 286.20 241.87
438.22 377.09 443.13 387.29
408.23 370.25 413.60 379.08
355.76 415.53 358.77 431.33
284.89 317.21 281.10 319.54
326.14 220.67 323.29 215.04
291.71 398.89 288.75 413.56
350.19 263.77 348.59 260.35
410.98 358.95 415.37 365.96
441.64 292.83 445.52 291.68
394.89 367.52 399.95 375.85
445.74 313.90 451.43 315.48
405.70 276.42 407.89 274.20
378.31 279.87 378.08 278.79
347.21 269.31 345.70 265.98
401.48 357.64 405.97 364.76
341.26 238.74 338.86 233.84
303.41 372.96 301.86 382.72
291.93 332.91 288.38 337.13
309.89 250.91 307.32 247.36
409.10 358.63 413.50 365.60
301.98 256.04 299.10 252.88
418.48 330.25 421.83 333.93
290.83 265.41 286.96 263.01
342.10 260.32 340.23 256.58
307.19 248.86 304.25 245.12
315.25 255.49 312.52 252.40
314.91 351.08 313.73 357.39
321.50 238.85 319.13 234.10
375.71 374.05 379.02 383.57
406.48 287.38 407.63 286.76
362.93 258.13 361.61 254.86
353.16 305.92 353.78 306.93
380.50 280.87 380.37 279.85
445.72 302.07 450.70 302.22
344.96 337.39 344.64 342.51
408.13 344.78 411.94 350.50
368.17 296.08 368.84 296.57
357.92 291.31 357.70 290.27
290.46 256.04 286.78 253.04
362.28 350.71 363.22 357.06
362.19 286.24 362.06 285.22
357.87 328.58 359.31 332.00
412.70 283.93 415.06 281.82
419.36 370.64 424.96 379.99
310.60 326.24 308.65 329.50
387.14 301.96 388.27 302.99
400.70 269.31 402.54 266.76
332.31 412.49 330.82 428.37
322.30 249.89 320.10 245.92
408.79 384.74 415.93 396.66
332.96 386.64 332.74 397.23
345.49 377.00 346.30 386.70
404.00 362.02 408.43 369.09
387.56 317.31 389.59 319.94
347.40 230.48 344.88 225.31
370.35 321.41 372.05 323.46
408.88 303.43 411.75 305.12
379.89 375.96 383.53 385.60
363.13 348.92 364.14 354.95
409.99 343.75 413.76 349.37
409.96 345.70 413.96 351.61
322.15 221.59 319.45 216.21
323.75 258.28 321.66 255.23
376.52 289.41 376.62 288.78
316.04 297.56 313.92 297.82
303.99 247.69 300.99 243.82
351.79 418.05 353.37 434.19
350.10 230.53 347.57 225.34
318.33 337.46 317.00 342.64
407.59 305.74 410.27 307.44
412.67 346.70 417.35 352.86
388.74 320.38 390.81 323.04
399.17 279.92 400.42 278.30
287.04 395.83 283.99 409.19
306.32 227.47 303.64 222.42
311.76 301.19 309.88 301.95
413.38 294.14 415.55 294.05
324.03 353.11 323.18 359.88
413.07 282.58 415.46 280.40
286.12 251.27 282.24 248.00
350.78 277.75 349.44 274.80
412.79 316.34 415.42 318.97
323.16 224.00 320.54 218.78
326.39 337.22 324.68 342.41
308.99 219.00 306.15 213.52
356.00 284.89 355.58 283.39
355.49 237.54 353.51 232.94
357.99 387.73 360.55 399.87
284.98 224.93 280.96 219.71
384.22 234.18 383.47 228.90
289.00 363.39 285.74 372.54
372.16 386.42 375.62 398.21
477.73 383.00 487.83 394.97
386.52 275.60 386.37 273.95
465.27 308.17 472.05 309.33
285.67 256.55 281.84 253.56
459.57 367.36 468.48 376.06
304.61 364.10 303.03 373.36
312.96 399.53 312.79 414.10
462.22 317.24 469.57 319.07
372.88 249.36 371.78 245.34
419.56 302.87 421.80 304.24
377.43 297.93 378.25 298.63
375.38 388.66 379.27 401.25
298.82 249.08 295.76 245.39
367.33 308.14 368.57 309.61
396.00 333.53 398.69 337.38
358.72 260.89 357.46 257.81
284.24 225.17 280.20 219.95
287.18 398.95 284.16 413.48
333.25 362.89 332.54 372.23
297.46 212.22 294.45 206.48
454.33 303.61 460.48 304.36
417.45 314.10 419.65 316.02
355.15 283.26 354.65 281.63
393.98 258.94 395.08 255.46
317.98 265.58 315.32 263.23
399.09 319.70 401.82 322.60
421.31 361.37 426.57 368.66
320.90 322.76 319.14 325.62
422.71 347.64 426.82 353.45
460.34 315.52 467.42 317.18
391.81 303.40 393.98 304.81
366.14 249.62 364.65 245.68
366.00 270.49 365.27 268.32
362.38 296.68 362.80 296.77
383.46 288.98 384.32 288.67
361.37 267.40 360.51 264.98
363.04 298.11 363.45 298.20
377.59 325.91 379.93 329.26
387.66 250.88 387.75 246.59
377.27 323.56 379.26 326.20
393.87 334.03 396.62 338.02
407.26 381.61 413.57 392.05
329.27 320.54 327.16 322.96
353.99 262.12 352.48 258.79
380.19 297.51 381.00 298.14
354.64 252.75 352.92 249.08
455.85 340.73 463.07 345.51
276.27 213.18 272.21 207.51
295.50 360.56 292.79 369.69
358.77 286.64 358.45 285.38
288.83 212.88 284.98 207.13
298.84 366.15 296.95 375.61
365.66 239.67 364.27 235.02
365.05 265.90 364.11 263.37
298.66 357.79 296.66 365.34
416.64 324.27 420.08 327.27
365.04 267.79 364.21 265.47
309.22 391.82 307.77 404.17
271.38 204.13 267.28 197.55
281.84 204.28 277.75 197.76
389.29 284.14 390.04 283.26
283.70 204.18 279.65 197.68
285.24 220.43 281.28 214.99
386.89 273.10 386.47 271.00
385.28 273.00 384.88 270.94
290.63 312.92 287.05 314.88
452.07 347.05 458.46 352.47
399.71 366.00 404.32 373.48
277.77 204.34 273.62 197.83
275.43 229.45 271.38 224.26
384.71 266.41 384.23 264.04
281.69 206.89 277.65 200.59
301.90 241.55 298.90 237.28
286.70 391.49 283.52 403.98
394.36 312.35 397.12 314.38
393.89 306.50 395.99 307.92
295.40 221.57 292.26 216.21
390.36 307.44 391.85 308.74
363.46 299.17 363.92 299.32
421.05 370.69 426.58 379.98
421.39 366.25 425.81 373.44
367.61 308.26 368.84 309.75
461.37 297.08 467.45 297.54
460.64 336.82 470.40 341.71
451.78 326.53 458.94 330.62
1.2068 0.1058 0.0002 -0.1331 0.9870 -0.0003 -43.5033 -40.8652 1.0308
227
589.45 348.16 611.97 359.17
573.81 353.61 595.92 365.72
584.17 355.36 606.32 367.76
572.70 348.05 594.90 360.14
578.01 351.40 600.28 363.70
571.48 338.95 592.97 350.36
568.36 349.62 589.94 361.26
604.09 347.55 627.91 360.76
568.02 331.96 589.62 342.82
567.23 335.73 588.70 347.35
604.33 339.41 628.38 352.21
594.16 340.25 616.90 349.92
573.22 340.70 595.69 352.69
600.90 335.31 623.77 349.94
568.26 325.90 589.88 337.64
565.35 330.24 586.62 340.78
560.02 327.33 580.29 337.55
598.58 344.49 621.28 357.04
563.60 323.46 584.80 335.00
612.37 344.37 638.39 357.31
463.76 317.87 471.12 319.71
477.54 372.96 488.08 381.38
487.85 378.07 498.89 386.44
494.55 376.82 505.87 385.28
497.08 373.02 509.02 381.55
583.18 378.14 604.64 390.95
487.12 307.00 495.67 309.35
491.00 305.39 499.61 307.68
569.31 368.60 590.44 380.74
482.09 297.94 490.68 300.11
578.32 394.98 599.23 408.38
553.54 402.00 573.64 415.87
583.68 371.84 605.58 384.14
580.78 423.34 604.72 440.73
492.84 300.15 501.47 302.32
590.42 375.93 612.67 388.34
567.07 392.97 587.65 406.45
559.69 386.29 580.32 399.81
543.88 392.36 563.99 406.18
503.75 337.52 514.76 342.13
560.34 373.77 579.84 385.27
479.51 316.24 487.66 318.60
491.50 327.74 501.61 331.84
526.66 399.96 543.17 414.03
582.38 411.32 603.04 425.10
525.15 356.63 539.82 364.52
539.85 369.90 554.91 378.19
540.36 382.60 560.47 396.11
535.36 365.85 550.25 373.99
607.85 457.22 637.32 479.93
562.49 384.17 583.37 397.64
600.20 393.87 622.49 406.71
582.25 451.56 609.09 474.55
608.91 453.75 638.44 476.39
566.46 387.13 587.27 400.59
530.04 355.49 544.85 363.28
538.09 401.91 557.79 415.87
570.32 390.67 591.11 404.05
573.90 412.13 594.22 425.94
592.07 440.31 621.66 462.99
572.92 389.04 593.82 402.37
541.29 389.99 561.49 403.84
603.50 437.60 633.05 460.06
509.94 343.25 521.25 348.17
473.57 307.37 481.43 309.30
467.18 361.92 477.30 370.40
594.97 385.56 617.15 398.37
471.81 321.11 481.19 324.86
529.28 384.17 549.34 397.99
592.33 453.95 621.78 476.69
594.68 431.06 623.56 452.82
583.18 358.44 605.23 370.18
528.95 374.04 543.35 382.22
548.95 340.72 563.20 346.67
518.48 359.26 532.93 367.19
605.95 437.27 635.63 459.78
588.24 436.95 617.86 459.62
550.48 379.44 566.98 389.19
566.87 432.17 596.00 454.84
525.95 371.28 540.41 379.51
488.13 315.11 496.48 317.54
590.15 438.79 619.75 461.40
595.85 437.23 625.43 459.75
530.42 380.07 546.27 389.77
555.21 361.67 572.31 370.53
598.76 425.61 623.11 442.89
495.32 343.17 505.98 347.93
600.08 387.16 622.52 399.72
573.58 421.00 597.48 438.44
483.87 332.33 493.88 336.67
496.48 344.09 507.23 348.91
589.78 432.18 619.31 454.77
590.87 388.72 612.75 401.80
484.61 349.55 498.01 357.31
574.67 424.44 598.82 442.11
562.38 355.50 582.62 366.31
572.18 443.98 597.99 467.08
566.03 406.24 586.22 420.00
593.77 452.36 623.27 475.06
549.99 394.94 570.20 408.72
497.41 327.43 507.91 331.64
468.11 324.11 478.16 328.58
561.41 350.61 580.68 360.47
535.79 396.88 555.55 410.82
493.51 341.35 503.92 345.99
579.94 414.08 603.43 430.80
580.25 444.09 609.56 466.92
504.26 320.51 513.94 323.69
554.40 375.85 571.30 385.60
562.37 431.78 591.05 454.50
521.96 319.90 534.24 324.50
566.84 417.97 590.08 434.79
543.10 386.86 563.39 400.64
466.39 333.91 476.44 338.70
561.30 442.11 586.86 465.30
562.69 441.96 588.16 465.12
506.14 351.03 520.40 358.93
569.20 356.81 590.49 368.28
504.83 392.98 521.59 407.10
488.18 357.13 501.76 365.55
553.59 388.55 574.03 402.17
566.69 401.42 587.03 415.09
587.42 446.74 617.01 469.46
601.50 370.66 623.95 383.12
594.36 436.29 623.94 458.80
508.42 373.31 522.37 381.82
550.02 439.87 574.63 463.06
465.76 342.38 475.29 347.37
514.98 367.99 529.19 376.21
574.74 456.76 599.99 479.92
509.35 370.01 523.28 378.43
549.21 373.63 564.68 382.22
495.66 363.66 508.75 372.12
507.15 390.85 524.09 404.95
534.08 396.22 553.77 410.17
489.21 370.69 500.88 379.10
546.10 352.98 561.63 360.63
529.96 338.99 542.79 344.41
478.80 357.35 490.19 365.79
514.53 407.54 530.76 421.68
595.01 429.85 620.41 448.42
597.19 369.33 619.53 381.72
536.78 344.53 550.00 350.17
508.69 390.37 525.79 404.47
595.53 451.71 625.02 474.33
545.05 374.27 560.24 382.75
465.75 335.03 475.89 339.89
576.24 412.55 596.62 426.32
502.31 319.05 511.29 321.66
497.38 328.19 507.84 332.35
595.02 368.96 617.28 381.33
490.45 370.87 502.40 379.30
523.38 336.37 535.76 341.53
603.00 383.32 626.16 396.32
588.94 406.14 610.39 419.97
511.41 391.52 528.13 405.63
501.19 346.30 512.48 351.48
541.91 435.77 566.90 458.92
530.79 343.09 543.37 348.42
552.22 438.28 577.76 461.50
525.01 392.26 543.58 406.24
546.33 441.07 571.11 464.28
582.34 342.04 605.03 349.48
560.77 404.24 580.99 418.00
514.18 324.82 525.29 328.89
559.96 439.51 585.81 462.70
586.85 452.28 616.05 475.08
492.78 371.87 504.54 380.31
475.90 318.80 483.81 321.05
572.03 358.83 593.75 370.61
563.11 439.26 588.84 462.40
549.52 389.84 569.85 403.52
547.83 429.22 569.17 450.27
509.38 339.30 520.63 344.04
546.36 429.56 567.86 450.77
528.91 418.23 548.53 433.71
499.22 352.52 513.62 360.72
472.20 295.04 480.14 296.78
483.29 342.24 493.37 347.04
505.08 306.98 514.11 309.08
580.03 434.88 609.46 457.51
461.30 342.23 471.03 347.30
547.81 384.79 568.23 398.46
503.68 298.82 512.81 300.87
533.77 416.01 551.38 430.67
474.54 352.13 485.11 360.27
532.22 370.86 546.83 379.06
547.65 353.69 563.14 361.27
501.52 298.57 510.63 300.63
550.06 421.84 571.93 437.70
466.36 351.66 476.42 359.61
564.96 408.30 585.13 422.11
511.41 341.94 522.69 346.74
527.15 327.62 539.25 332.14
585.46 456.42 610.23 479.52
596.22 418.10 620.79 435.24
531.38 429.39 553.09 450.80
532.30 433.15 554.90 455.07
586.68 456.63 611.40 479.69
542.49 329.64 556.81 335.60
565.16 413.54 585.40 427.50
555.85 340.15 572.26 347.75
543.04 327.13 558.55 333.95
466.98 338.46 476.87 343.28
533.02 421.14 553.98 437.10
570.83 432.37 599.98 454.90
614.27 375.30 639.29 389.42
537.18 429.36 558.30 450.51
547.50 414.96 567.91 429.43
557.68 431.54 585.25 454.02
518.97 332.99 530.97 337.85
591.72 356.82 614.05 368.79
533.73 331.49 545.12 335.29
597.23 351.67 619.78 362.73
494.04 388.76 510.78 402.95
542.51 414.01 560.15 428.19
612.19 366.64 637.92 378.67
558.00 419.45 580.51 435.67
530.32 407.11 546.89 421.18
514.37 383.25 534.24 397.01
551.89 417.90 574.02 433.79
544.89 382.82 565.16 396.29
530.98 321.67 543.70 326.44
514.73 308.82 525.44 312.02
510.68 317.80 519.94 320.26
505.37 302.32 514.49 304.39
596.59 357.00 618.93 369.31
