1.0364 0.0078925 -7.912 -0.089788 1.0123 43.8166 -0.00019816 -1.5756e-05 1.1119
28
502 142.5 509 142
512 179 521 177
517 158 525 156
517 176 526 174
518 144.5 526 143
523 140 532 138
526 144 535 142
527 155 536 153
527 162 536 160
532 127 542 124
532 135 542 132
537 132 548 128
548 115 560 111
548 121 560 117
550 128 563 124
556 119 570 114
563.5 113.5 579 108
587 73.5 605 66
587 83 605 76
587 89.5 605 82
587 97 605 89
587 113.5 606 107
587 128.5 606 123
588 105.5 606 98
592 77 610 69
592 87 610 79
593 100 611 92
598 88.5 616 81
4.5414 -3.4033 -875.4121 2.0293 -0.94393 -506.1968 0.005846 -0.0056896 -0.45422
13
557.5 328.5 574 336
562.5 332 582 341
564.5 333 584 342
565 326 585 335
567 327 587 336
568 323 588 332
574 343.5 594 353
580 330 600 339
580 336 600 345
580 346.5 600 356
585 336 605 345
589 343 609 352
600 348 620 357
1.6923 -0.97954 151.6889 0.86244 -0.25294 213.6706 0.0025013 -0.0037074 1.617
9
247.5 331.5 244 341
249.5 335.5 246 345
249.5 347.5 245 358
251 347 247 357
256 337 253 346
256.5 343 253 353
263 339.5 260 349
267 337.5 264 347
271 333.5 268 343
0.97937 -0.18433 67.5077 -0.06034 0.93128 49.1893 -4.7905e-05 -0.00047754 1.165
10
347.5 332 350 341
351 327 354 335
374 314 377 320
375 291.5 378 296
375 303 378 308
381 314.5 384 320
382 285.5 385 289
382 291.5 385 295
382 304 385 309
400 316 403 321
No Homography since less than 4 corresp
1.008 -0.0074957 0.4246 0.0044266 0.99442 -0.63113 2.3573e-05 -2.1857e-05 0.99533
18
330 164 332 164
334 145 336 145
334 153 336 153
334 162 336 162
337 169 339 169
338 144 340 144
338 153 340 153
338 174 340 174
339 166 341 166
343 133 345 133
343 135 345 135
343 138.5 345 139
343 149 345 149
343 151 345 151
343 153 345 153
343 159 345 159
347 132 349 132
347 149 349 149
1.1899 0.23442 -66.8702 0.021606 1.0722 -11.9449 0.00033422 0.00089363 0.86133
35
221 27.5 211 23
221 29 211 24
244 30 239 26
253.5 52.5 249 50
253 65.5 249 63
253 73 249 70
254 34.5 249 31
254 46.5 249 45
259 49 254 47
259 61 255 59
259 72 255 70
259 77 255 75
259 89 255 86
260 31 255 28
260 34.5 255 32
268 53 265 51
268 72 265 70
268 83 264 82
269 38.5 267 36
272.5 50 270 48
273 41 271 39
278.5 61 276 59
282 47 280 45
282 58 280 56
287 40 286 37
287 46 286 44
287 58 286 56
287 73.5 286 72
291 67 290 65
296 61 295 59
301 46 301 43
301 55.5 301 53
301 57.5 301 55
305 53.5 305 51
305 55.5 305 53
1.0923 0.55119 -120.6838 0.014894 1.241 -43.018 0.00011658 0.0011836 0.768
34
458 136 463 135
458 154.5 463 155
463 144 468 144
463 151.5 468 152
463 154.5 468 155
466 129 471 128
466 140 471 139
466 148 471 148
466 154 471 154
466 160.5 471 161
466 166.5 471 167
466 177 471 178
471 163 476 164
471 170.5 476 171
472 154.5 477 155
473 134 479 131
473 145 478 145
473 174 478 175
475 133 481 131
474.5 137 480 136
475 153.5 480 154
478 134 484 133
478 141.5 484 141
477.5 147 483 147
478 153 483 153
482 143.5 488 143
482 154 488 154
485 144 491 144
485 153 491 153
489 132 495 131
489 144 495 144
489 153 495 153
492 146 498 146
492 153 498 153
1.4012 -0.36175 -51.635 0.2946 0.73689 -36.9081 0.00098145 -0.00089133 0.86816
12
400 303 403 307
400 308 403 312
400 310.5 403 315
401 292 404 296
401 295 404 299
405 291 408 295
408 292 411 296
408 294 411 298
408 298 411 302
414 293 417 297
415 305 418 309
416 308 419 312
0.93179 0.02514 27.2963 -0.049879 1.0243 17.6501 -0.00023599 5.2727e-05 1.0904
62
373 144 375 145
373 155 375 156
378 140 380 141
379 151 381 152
380 155 382 156
383 149 385 150
383 151 385 152
384 166 386 167
387 157 389 158
387 182 389 183
389 171 391 172
390 173 392 174
394 171 396 172
398 168 400 169
400 158 402 159
399.5 202.5 402 204
404 158 406 159
411 163 413 164
411 168 413 169
417 209 420 210
417 216.5 420 218
418 195 421 196
419 158 422 159
423 171 426 172
426 171 429 172
426 177 429 178
426 180 429 181
426 203 429 204
426 206 429 207
430 183 433 184
430 201 433 202
433 157.5 436 158
434 245 438 247
434.5 226 438 228
435 238 439 240
436 263 440 265
438 149 442 149
440.5 151 444 151
441 157 444 157
441 249 445 251
443 141 447 141
444 246 448 248
446 139 450 139
446 148 450 148
447 236.5 451 238
447 251 451 253
447 269 451 271
448 228.5 452 230
449 130.5 453 130
449 197 453 198
450 250 454 252
451 238.5 455 240
452 146 456 146
452 162 456 162
452 200 456 201
453 129 457 129
453 209.5 457 211
454 147 458 147
455 206 459 207
456 255 460 257
456 258 460 260
458 132 463 131
1.4652 0.27168 -255.9235 0.051244 1.0818 -36.1551 0.00055263 0.0004629 0.6739
34
529 38 539 31
529 48 539 44
529 50 539 46
529 54.5 539 51
529 57.5 539 54
530 29 540 22
530 41 539 37
533 43.5 543 39
533 55.5 543 52
536 28.5 547 21
539 59 550 56
540 33 552 25
540 38.5 551 31
546 35.5 558 30
548 65 560 62
548 70 560 67
548.5 76 562 73
553 32 566 28
553 35.5 566 32
553 38 566 34
553 45 566 42
553 62 566 59
553 77 566 74
553 92.5 566 90
557 25.5 570 21
557 43 571 40
558 56 572 53
562 59 576 56
563 39 577 36
571.5 27 586 22
576 51 594 48
576 67 594 63
576 74 594 70
587 50 605 47
0.32447 -0.37921 164.4936 -0.1552 0.9215 27.0311 -0.0035524 -0.0018656 1.9084
12
202 60 192 47
209 57 199 45
215 96 205 85
216 100 206 90
216 103 206 93
221 58.5 211 46
222 42 212 30
224 64 214 51
226 46.5 216 34
227 71 218 59
228 69 219 57
231 59 222 47
1.381 -0.027331 -112.7326 0.18634 1.0057 -59.3762 0.0010485 -0.00010561 0.69237
27
267 120 263 116
268 116.5 264 112
282.5 118 280 114
285.5 111.5 284 108
287 115 286 112
289 130 289 128
290 123 290 121
293 127 293 125
306 144 307 143
306 155 307 154
306 159 307 158
306 168 307 167
314 158 315 157
314 161 315 160
314 172.5 315 172
315 146 316 145
316 152 317 151
318 182.5 319 182
319 156 320 155
319 173 320 173
325 144 326 143
325 154.5 326 154
326.5 166.5 328 166
326 174 327 174
329 144.5 330 144
343 177 345 177
343 180 345 180
1.3254 0.21594 -190.8112 0.0071742 1.0518 -12.7695 0.00048152 0.00041538 0.69192
26
477 182.5 482 184
478 180.5 483 181
481 176.5 486 177
483.5 177.5 489 177
483.5 183 489 183
484 190.5 490 189
486 162 492 162
486 166 492 166
487 188 493 188
487 193.5 493 193
488 183 494 183
489 169 495 169
492 163 498 163
495 161 501 161
497 176 504 175
498 143.5 505 143
498 163 505 162
501 168 508 167
501 174 508 173
501 177 508 176
501.5 180 509 179
502 155 509 154
506 148 513 147
507 159 514 158
507 161 514 160
512 156 520 154
